# Trouble in Terrorist Town weapon/ammo placement overrides
# For map: ttt_rats_kitchen_v1_sgedit_gmod
# Exported by: Werewolf12 #FixTF2
setting:	replacespawns 0
weapon_ttt_smokegrenade	-269.631226 -1167.424683 2292.185059	-1.643 -1.464 -0.901
weapon_ttt_smokegrenade	-204.682800 -861.154602 2292.196045	-1.235 -1.496 -0.677
weapon_ttt_smokegrenade	-188.044113 -242.570389 2277.758301	-50.367 36.841 -86.651
weapon_ttt_smokegrenade	-368.820831 -172.133789 2276.171875	-2.123 -1.402 -1.161
weapon_ttt_smokegrenade	-228.394226 -396.021942 1708.193604	-1.331 -1.490 -0.730
weapon_ttt_smokegrenade	-408.438690 -410.611328 1708.187500	-1.547 -1.475 -0.848
weapon_ttt_smokegrenade	-742.717957 -72.942665 1732.169067	-2.224 -1.359 -1.215
weapon_ttt_smokegrenade	-952.400696 -74.001953 1732.201172	-1.048 -1.502 -0.574
weapon_ttt_smokegrenade	-1145.872925 -65.984978 1732.171875	-2.121 -1.402 -1.163
weapon_ttt_smokegrenade	-686.298645 -314.332733 1348.188232	-1.524 -1.475 -0.836
weapon_ttt_smokegrenade	-884.640930 -304.108429 1348.181396	-1.772 -1.448 -0.971
weapon_ttt_smokegrenade	-1333.514526 -228.841400 1349.490723	18.465 47.414 -89.321
weapon_ttt_smokegrenade	-1759.972412 -107.859100 1348.195557	-1.254 -1.495 -0.687
weapon_ttt_smokegrenade	-2224.432617 -38.714329 1348.153931	-2.782 -1.170 -1.525
weapon_ttt_smokegrenade	-2429.233398 0.114444 1348.191162	-1.413 -1.484 -0.775
weapon_ttt_smokegrenade	-2347.522949 -482.263458 2133.652832	19.292 55.919 -90.047
weapon_ttt_smokegrenade	-2169.846924 -837.750916 1764.160400	-2.541 -1.297 -1.394
weapon_ttt_smokegrenade	-2229.412598 -1231.507690 1765.787231	-47.498 52.627 -87.271
weapon_ttt_smokegrenade	-2426.059082 -1206.084839 1764.170898	-2.154 -1.401 -1.181
weapon_ttt_smokegrenade	-2290.264404 -694.849365 1764.186768	-1.570 -1.475 -0.861
weapon_ttt_smokegrenade	-1947.587524 -1046.950073 1349.571777	17.048 14.164 -89.815
weapon_ttt_smokegrenade	-1650.134155 -1597.811157 1349.492676	18.269 44.418 -89.055
weapon_ttt_smokegrenade	-1661.369141 -1126.095825 1348.201782	-1.032 -1.504 -0.566
weapon_ttt_smokegrenade	-1653.830933 -809.409485 1348.183838	-1.692 -1.464 -0.928
weapon_ttt_smokegrenade	-1687.854370 -634.480042 1348.205811	-0.875 -1.508 -0.480
weapon_ttt_smokegrenade	-1326.925903 -662.120483 1716.168335	-2.253 -1.362 -1.235
weapon_ttt_smokegrenade	-1125.747925 -692.767639 1716.183105	-1.718 -1.464 -0.942
weapon_ttt_smokegrenade	-1341.786987 -603.515991 1716.181519	-1.771 -1.448 -0.971
weapon_ttt_smokegrenade	-1228.598633 -1013.680664 1716.199829	-1.095 -1.502 -0.601
weapon_ttt_smokegrenade	-2326.571777 -656.079041 2292.167480	-2.287 -1.366 -1.254
weapon_ttt_smokegrenade	-1358.269531 -1615.902710 2344.179932	-1.826 -1.448 -0.999
item_ammo_smg1_ttt	-371.876587 -147.914047 2276.547852	0.967 0.021 -0.574
item_ammo_smg1_ttt	-385.764160 -148.667282 2276.546387	-0.211 2.014 0.028
item_ammo_smg1_ttt	-383.730804 -168.435043 2276.505859	0.589 1.932 0.001
item_ammo_smg1_ttt	-988.054810 2.626641 1732.538452	-0.134 0.018 -0.118
item_ammo_smg1_ttt	-939.950867 5.429980 1732.417480	-0.047 0.015 -0.024
item_ammo_smg1_ttt	-961.005798 -56.650440 1732.506958	0.481 -0.011 -0.379
item_ammo_smg1_ttt	-1249.814087 -155.513641 1732.404175	0.190 -0.005 0.116
item_ammo_smg1_ttt	-1269.848633 -159.145111 1732.521973	-0.174 -0.039 -0.057
item_ammo_smg1_ttt	-1270.894775 -181.269730 1741.703247	-0.281 14.204 87.802
item_ammo_smg1_ttt	-2370.692627 -530.900940 2132.475830	-0.561 0.014 0.251
item_ammo_smg1_ttt	-2370.968262 -511.111755 2132.530762	0.330 0.019 -0.159
item_ammo_smg1_ttt	-2396.405762 -535.269104 2132.505859	-0.530 0.009 -0.409
item_ammo_smg1_ttt	-2271.905273 -1100.544434 2012.529053	-0.128 0.088 -0.151
item_ammo_smg1_ttt	-2283.841553 -1115.029297 2012.555054	-0.554 0.146 -0.317
item_ammo_smg1_ttt	-2473.274902 -1269.992310 2012.467285	0.163 -0.101 0.085
item_ammo_smg1_ttt	-2450.720947 -1270.002930 2012.466064	-0.388 -0.253 -0.513
item_ammo_smg1_ttt	-2318.934570 -652.938293 1764.540039	0.124 0.152 -0.098
item_ammo_smg1_ttt	-2342.712646 -653.027771 1764.521606	0.235 -0.015 -0.199
item_ammo_smg1_ttt	-2517.378174 -1617.930176 1756.513672	0.774 0.017 -0.447
item_ammo_smg1_ttt	-2501.945801 -1617.986450 1756.452393	0.049 -0.008 -0.029
item_ammo_smg1_ttt	-2281.526611 -841.622681 1468.534668	-0.681 -0.008 0.476
item_ammo_smg1_ttt	-2295.412598 -840.323547 1468.533203	0.156 -0.016 -0.136
item_ammo_smg1_ttt	-383.578400 -201.531494 2032.540894	0.553 -0.007 -0.413
item_ammo_smg1_ttt	-368.582428 -204.763474 2032.513184	0.435 0.479 0.087
item_ammo_smg1_ttt	-351.245026 -207.250595 2038.004272	88.892 -17.831 -16.404
item_ammo_smg1_ttt	-1962.688599 -1059.110718 1348.496094	0.218 1.630 0.094
item_ammo_smg1_ttt	-1957.035034 -1039.182861 1348.537842	0.234 0.573 0.019
item_ammo_smg1_ttt	-1014.702209 191.374451 1440.640137	0.118 -8.013 87.523
item_ammo_smg1_ttt	-1042.993896 180.609619 1431.519775	0.442 0.017 -0.232
item_ammo_smg1_ttt	-437.288147 164.410492 1448.391602	-0.110 -0.005 -0.062
item_ammo_smg1_ttt	-406.408203 177.124619 1448.549194	-0.074 0.018 -0.065
item_ammo_smg1_ttt	-358.813873 -959.401917 1372.502563	-0.802 0.013 -0.597
item_ammo_smg1_ttt	-380.495880 -957.268921 1372.422485	0.480 -0.004 0.310
item_ammo_smg1_ttt	-350.771301 -1253.733032 1372.428833	0.680 -0.003 0.444
item_ammo_smg1_ttt	-368.063721 -1254.082764 1372.424438	0.541 -0.004 0.351
item_ammo_smg1_ttt	-476.735870 -1541.930054 1708.493530	-0.381 -0.007 -0.181
item_ammo_smg1_ttt	-464.305573 -1530.957153 1708.559204	0.684 -0.198 0.429
item_ammo_smg1_ttt	-387.709381 -1377.509155 1708.508423	-0.529 0.187 0.328
item_ammo_smg1_ttt	-378.663666 -1397.309937 1708.540771	0.204 0.817 -0.016
item_ammo_smg1_ttt	-882.323181 -1449.272339 1348.399414	0.152 -0.005 0.090
item_ammo_smg1_ttt	-874.290405 -1421.602661 1348.517822	-0.200 -0.640 -0.443
item_ammo_smg1_ttt	-1431.844727 -1052.773560 1348.530029	-0.333 -0.093 -0.212
item_ammo_smg1_ttt	-1419.714722 -1041.902222 1348.473511	-0.193 0.007 0.021
item_ammo_smg1_ttt	-1099.177246 -597.831726 1348.482910	-0.074 -0.002 -0.170
item_ammo_smg1_ttt	-1113.244263 -596.874817 1348.493652	-0.928 -0.021 -0.542
item_ammo_smg1_ttt	-1394.840454 -1616.552612 2344.426514	-0.590 0.003 0.384
item_ammo_smg1_ttt	-1407.978149 -1614.861572 2344.404297	-0.188 0.005 0.114
item_ammo_smg1_ttt	-1422.143921 -1617.254272 2344.408936	-0.234 0.005 0.145
weapon_ttt_m16	-2286.800049 -1148.750000 2295.209961	0.000 0.000 85.000
weapon_ttt_m16	-2288.540039 -643.651978 2295.209961	0.000 0.000 85.000
weapon_ttt_m16	-2169.830078 -869.648010 1767.209961	0.000 0.000 85.000
weapon_ttt_m16	-2431.389893 -423.804993 2035.209961	0.000 0.000 85.000
weapon_ttt_m16	-2418.840088 -308.204987 1651.209961	0.000 0.000 85.000
weapon_ttt_m16	-2518.219971 -40.301300 1351.209961	0.000 0.000 85.000
weapon_ttt_m16	-2354.610107 -865.541016 1631.209961	0.000 0.000 85.000
weapon_ttt_m16	-2265.290039 -1131.390015 1471.209961	0.000 0.000 85.000
weapon_ttt_m16	-961.393982 -68.014397 2157.209961	0.000 0.000 85.000
weapon_ttt_m16	-815.645020 2.697270 1735.209961	0.000 0.000 85.000
weapon_ttt_m16	-1025.390015 -172.223007 1431.209961	0.000 0.000 85.000
weapon_ttt_m16	-166.317001 -207.927002 2279.209961	0.000 0.000 85.000
weapon_ttt_m16	-263.524994 -814.513977 2119.209961	0.000 0.000 85.000
weapon_ttt_m16	-333.384003 -1359.369995 1975.209961	0.000 0.000 85.000
weapon_ttt_m16	-163.369003 -937.604004 1711.209961	0.000 0.000 85.000
weapon_ttt_m16	-238.335999 -1525.520020 1375.209961	0.000 0.000 85.000
weapon_ttt_m16	-261.453003 -237.028000 1447.209961	0.000 0.000 85.000
weapon_ttt_m16	-462.481995 -162.449005 1447.209961	0.000 0.000 85.000
weapon_ttt_m16	-1438.180054 -1003.020020 1719.209961	0.000 0.000 85.000
weapon_ttt_m16	-1410.410034 -616.523010 1719.209961	0.000 0.000 85.000
weapon_ttt_m16	-1817.239990 -501.682007 1351.209961	0.000 0.000 85.000
weapon_ttt_m16	-1475.630005 -396.178009 1351.209961	0.000 0.000 85.000
weapon_ttt_m16	-1614.449951 -1575.619995 1351.209961	0.000 0.000 85.000
weapon_ttt_m16	-984.280029 -249.065002 1351.209961	0.000 0.000 85.000
weapon_ttt_m16	-1757.859985 19.549400 1351.209961	0.000 0.000 85.000
weapon_ttt_m16	-2530.570068 16.842699 2563.209961	0.000 0.000 85.000
weapon_ttt_m16	-2286.800049 -1148.750000 2295.209961	0.000 0.000 85.000
weapon_ttt_m16	-2288.540039 -643.651978 2295.209961	0.000 0.000 85.000
weapon_ttt_m16	-2169.830078 -869.648010 1767.209961	0.000 0.000 85.000
weapon_ttt_m16	-2431.389893 -423.804993 2035.209961	0.000 0.000 85.000
weapon_ttt_m16	-2418.840088 -308.204987 1651.209961	0.000 0.000 85.000
weapon_ttt_m16	-2518.219971 -40.301300 1351.209961	0.000 0.000 85.000
weapon_ttt_m16	-2354.610107 -865.541016 1631.209961	0.000 0.000 85.000
weapon_ttt_m16	-2265.290039 -1131.390015 1471.209961	0.000 0.000 85.000
weapon_ttt_m16	-961.393982 -68.014397 2157.209961	0.000 0.000 85.000
weapon_ttt_m16	-815.645020 2.697270 1735.209961	0.000 0.000 85.000
weapon_ttt_m16	-1025.390015 -172.223007 1431.209961	0.000 0.000 85.000
weapon_ttt_m16	-166.317001 -207.927002 2279.209961	0.000 0.000 85.000
weapon_ttt_m16	-263.524994 -814.513977 2119.209961	0.000 0.000 85.000
weapon_ttt_m16	-333.384003 -1359.369995 1975.209961	0.000 0.000 85.000
weapon_ttt_m16	-163.369003 -937.604004 1711.209961	0.000 0.000 85.000
weapon_ttt_m16	-238.335999 -1525.520020 1375.209961	0.000 0.000 85.000
weapon_ttt_m16	-261.453003 -237.028000 1447.209961	0.000 0.000 85.000
weapon_ttt_m16	-462.481995 -162.449005 1447.209961	0.000 0.000 85.000
weapon_ttt_m16	-1438.180054 -1003.020020 1719.209961	0.000 0.000 85.000
weapon_ttt_m16	-1410.410034 -616.523010 1719.209961	0.000 0.000 85.000
weapon_ttt_m16	-1817.239990 -501.682007 1351.209961	0.000 0.000 85.000
weapon_ttt_m16	-1475.630005 -396.178009 1351.209961	0.000 0.000 85.000
weapon_ttt_m16	-1614.449951 -1575.619995 1351.209961	0.000 0.000 85.000
weapon_ttt_m16	-984.280029 -249.065002 1351.209961	0.000 0.000 85.000
weapon_ttt_m16	-1757.859985 19.549400 1351.209961	0.000 0.000 85.000
weapon_ttt_m16	-2530.570068 16.842699 2563.209961	0.000 0.000 85.000
weapon_ttt_m16	-2286.800049 -1148.750000 2295.209961	0.000 0.000 85.000
weapon_ttt_m16	-2288.540039 -643.651978 2295.209961	0.000 0.000 85.000
weapon_ttt_m16	-2169.830078 -869.648010 1767.209961	0.000 0.000 85.000
weapon_ttt_m16	-2431.389893 -423.804993 2035.209961	0.000 0.000 85.000
weapon_ttt_m16	-2418.840088 -308.204987 1651.209961	0.000 0.000 85.000
weapon_ttt_m16	-2518.219971 -40.301300 1351.209961	0.000 0.000 85.000
weapon_ttt_m16	-2354.610107 -865.541016 1631.209961	0.000 0.000 85.000
weapon_ttt_m16	-2265.290039 -1131.390015 1471.209961	0.000 0.000 85.000
weapon_ttt_m16	-961.393982 -68.014397 2157.209961	0.000 0.000 85.000
weapon_ttt_m16	-815.645020 2.697270 1735.209961	0.000 0.000 85.000
weapon_ttt_m16	-1025.390015 -172.223007 1431.209961	0.000 0.000 85.000
weapon_ttt_m16	-166.317001 -207.927002 2279.209961	0.000 0.000 85.000
weapon_ttt_m16	-263.524994 -814.513977 2119.209961	0.000 0.000 85.000
weapon_ttt_m16	-333.384003 -1359.369995 1975.209961	0.000 0.000 85.000
weapon_ttt_m16	-163.369003 -937.604004 1711.209961	0.000 0.000 85.000
weapon_ttt_m16	-238.335999 -1525.520020 1375.209961	0.000 0.000 85.000
weapon_ttt_m16	-261.453003 -237.028000 1447.209961	0.000 0.000 85.000
weapon_ttt_m16	-462.481995 -162.449005 1447.209961	0.000 0.000 85.000
weapon_ttt_m16	-1438.180054 -1003.020020 1719.209961	0.000 0.000 85.000
weapon_ttt_m16	-1410.410034 -616.523010 1719.209961	0.000 0.000 85.000
weapon_ttt_m16	-1817.239990 -501.682007 1351.209961	0.000 0.000 85.000
weapon_ttt_m16	-1475.630005 -396.178009 1351.209961	0.000 0.000 85.000
weapon_ttt_m16	-1614.449951 -1575.619995 1351.209961	0.000 0.000 85.000
weapon_ttt_m16	-984.280029 -249.065002 1351.209961	0.000 0.000 85.000
weapon_ttt_m16	-1757.859985 19.549400 1351.209961	0.000 0.000 85.000
weapon_ttt_m16	-2530.570068 16.842699 2563.209961	0.000 0.000 85.000
weapon_ttt_m16	-2286.800049 -1148.750000 2295.209961	0.000 0.000 85.000
weapon_ttt_m16	-2288.540039 -643.651978 2295.209961	0.000 0.000 85.000
weapon_ttt_m16	-2169.830078 -869.648010 1767.209961	0.000 0.000 85.000
weapon_ttt_m16	-2431.389893 -423.804993 2035.209961	0.000 0.000 85.000
weapon_ttt_m16	-2418.840088 -308.204987 1651.209961	0.000 0.000 85.000
weapon_ttt_m16	-2518.219971 -40.301300 1351.209961	0.000 0.000 85.000
weapon_ttt_m16	-2354.610107 -865.541016 1631.209961	0.000 0.000 85.000
weapon_ttt_m16	-2265.290039 -1131.390015 1471.209961	0.000 0.000 85.000
weapon_ttt_m16	-961.393982 -68.014397 2157.209961	0.000 0.000 85.000
weapon_ttt_m16	-815.645020 2.697270 1735.209961	0.000 0.000 85.000
weapon_ttt_m16	-1025.390015 -172.223007 1431.209961	0.000 0.000 85.000
weapon_ttt_m16	-166.317001 -207.927002 2279.209961	0.000 0.000 85.000
weapon_ttt_m16	-263.524994 -814.513977 2119.209961	0.000 0.000 85.000
weapon_ttt_m16	-333.384003 -1359.369995 1975.209961	0.000 0.000 85.000
weapon_ttt_m16	-163.369003 -937.604004 1711.209961	0.000 0.000 85.000
weapon_ttt_m16	-238.335999 -1525.520020 1375.209961	0.000 0.000 85.000
weapon_ttt_m16	-261.453003 -237.028000 1447.209961	0.000 0.000 85.000
weapon_ttt_m16	-462.481995 -162.449005 1447.209961	0.000 0.000 85.000
weapon_ttt_m16	-1438.180054 -1003.020020 1719.209961	0.000 0.000 85.000
weapon_ttt_m16	-1410.410034 -616.523010 1719.209961	0.000 0.000 85.000
weapon_ttt_m16	-1817.239990 -501.682007 1351.209961	0.000 0.000 85.000
weapon_ttt_m16	-1475.630005 -396.178009 1351.209961	0.000 0.000 85.000
weapon_ttt_m16	-1614.449951 -1575.619995 1351.209961	0.000 0.000 85.000
weapon_ttt_m16	-984.280029 -249.065002 1351.209961	0.000 0.000 85.000
weapon_ttt_m16	-1757.859985 19.549400 1351.209961	0.000 0.000 85.000
weapon_ttt_m16	-2530.570068 16.842699 2563.209961	0.000 0.000 85.000
item_box_buckshot_ttt	-2021.751709 -1191.576660 1605.453491	0.518 -0.008 0.424
item_box_buckshot_ttt	-2012.864136 -1193.062012 1605.397827	1.061 0.000 0.868
item_box_buckshot_ttt	-2002.710327 -1193.157471 1605.347412	0.720 0.003 -0.576
item_box_buckshot_ttt	-2481.629639 -1274.574585 1764.404175	0.233 -0.001 0.076
item_box_buckshot_ttt	-2471.217285 -1268.997925 1764.415894	-0.572 0.017 0.150
item_box_buckshot_ttt	-2463.429199 -1266.156128 1764.423706	-0.436 -2.197 -0.228
item_box_buckshot_ttt	-2279.712646 -1239.033936 1628.414062	0.599 -0.002 -0.317
item_box_buckshot_ttt	-2267.905762 -1241.042358 1628.374146	-0.218 0.003 0.167
item_box_buckshot_ttt	-2470.653320 -303.064514 1380.422974	-0.754 -0.011 0.583
item_box_buckshot_ttt	-2454.518066 -302.209198 1380.389160	-0.995 0.018 0.883
item_box_buckshot_ttt	-2446.280518 -307.733337 1380.386230	-1.305 -0.017 1.141
item_box_buckshot_ttt	-321.053436 -227.359589 1732.413208	-0.987 0.002 0.779
item_box_buckshot_ttt	-329.855713 -227.037170 1732.415894	-0.669 0.908 0.555
item_box_buckshot_ttt	-343.563843 -217.942841 1738.450073	-58.378 134.130 179.452
item_box_buckshot_ttt	-215.659409 -1461.223267 1972.394165	0.242 0.014 -0.014
item_box_buckshot_ttt	-209.215012 -1450.985474 1972.479980	0.769 -0.065 -0.179
item_box_buckshot_ttt	-222.676041 -1451.074097 1972.439087	-0.622 -0.007 0.677
item_box_buckshot_ttt	-849.132446 -17.356415 1428.414551	-0.757 -0.006 0.677
item_box_buckshot_ttt	-848.089111 -26.774830 1428.393677	-1.034 -0.008 0.815
item_box_buckshot_ttt	-301.809296 -1525.288208 1556.385376	-1.005 -0.011 0.899
item_box_buckshot_ttt	-283.735809 -1522.396240 1556.453735	-0.678 -0.006 0.554
item_box_buckshot_ttt	-1219.533447 -1289.899658 1348.378052	0.195 0.003 -0.107
item_box_buckshot_ttt	-1212.179932 -1280.791626 1348.381836	-0.207 0.001 0.252
item_box_buckshot_ttt	-1426.109009 -617.013672 1348.440796	-0.638 -0.006 0.542
item_box_buckshot_ttt	-1413.366089 -616.796997 1348.347412	0.709 0.003 -0.566
item_box_buckshot_ttt	-611.113953 -348.837799 1348.399658	-0.867 -0.011 0.777
item_box_buckshot_ttt	-615.636169 -357.951813 1348.433228	1.946 -0.185 -0.473
item_box_buckshot_ttt	-1324.243164 -202.989517 1348.440674	-0.598 -0.003 0.470
item_box_buckshot_ttt	-1320.063843 -218.438690 1348.374023	0.756 -0.022 -0.527
item_box_buckshot_ttt	-1380.283936 -192.850082 1348.355469	1.043 0.000 -0.839
weapon_zm_rifle	-2288.370117 -508.084991 2135.209961	0.000 0.000 85.000
weapon_zm_rifle	-2297.449951 -199.136993 1991.209961	0.000 0.000 85.000
weapon_zm_rifle	-2297.179932 -205.597000 1991.209961	0.000 0.000 85.000
weapon_zm_rifle	-2470.370117 -504.437988 1383.209961	0.000 0.000 85.000
weapon_zm_rifle	-2515.000000 -1571.250000 1351.209961	0.000 0.000 85.000
weapon_zm_rifle	-1238.920044 -1.801760 2115.209961	0.000 0.000 85.000
weapon_zm_rifle	-1051.650024 -66.064697 2157.209961	0.000 0.000 85.000
weapon_zm_rifle	-217.078003 -811.145996 2295.209961	0.000 0.000 85.000
weapon_zm_rifle	-195.600006 -1214.739990 2295.209961	0.000 0.000 85.000
weapon_zm_rifle	-1069.939941 -766.911011 1719.209961	0.000 0.000 85.000
weapon_zm_rifle	-1997.839966 -1352.939941 1351.209961	0.000 0.000 85.000
weapon_zm_rifle	-885.494019 -829.515015 1351.209961	0.000 0.000 85.000
weapon_zm_rifle	-2257.350098 -1262.930054 1767.410034	0.000 0.000 85.000
weapon_zm_rifle	-2507.699951 -1596.150024 2563.209961	0.000 0.000 85.000
weapon_zm_rifle	-221.582993 -1528.560059 2563.209961	0.000 0.000 85.000
weapon_zm_rifle	-120.656998 33.026199 2563.209961	0.000 0.000 85.000
weapon_zm_rifle	-2288.370117 -508.084991 2135.209961	0.000 0.000 85.000
weapon_zm_rifle	-2297.449951 -199.136993 1991.209961	0.000 0.000 85.000
weapon_zm_rifle	-2297.179932 -205.597000 1991.209961	0.000 0.000 85.000
weapon_zm_rifle	-2470.370117 -504.437988 1383.209961	0.000 0.000 85.000
weapon_zm_rifle	-2515.000000 -1571.250000 1351.209961	0.000 0.000 85.000
weapon_zm_rifle	-1238.920044 -1.801760 2115.209961	0.000 0.000 85.000
weapon_zm_rifle	-1051.650024 -66.064697 2157.209961	0.000 0.000 85.000
weapon_zm_rifle	-217.078003 -811.145996 2295.209961	0.000 0.000 85.000
weapon_zm_rifle	-195.600006 -1214.739990 2295.209961	0.000 0.000 85.000
weapon_zm_rifle	-1069.939941 -766.911011 1719.209961	0.000 0.000 85.000
weapon_zm_rifle	-1997.839966 -1352.939941 1351.209961	0.000 0.000 85.000
weapon_zm_rifle	-885.494019 -829.515015 1351.209961	0.000 0.000 85.000
weapon_zm_rifle	-2257.350098 -1262.930054 1767.410034	0.000 0.000 85.000
weapon_zm_rifle	-2507.699951 -1596.150024 2563.209961	0.000 0.000 85.000
weapon_zm_rifle	-221.582993 -1528.560059 2563.209961	0.000 0.000 85.000
weapon_zm_rifle	-120.656998 33.026199 2563.209961	0.000 0.000 85.000
weapon_zm_rifle	-2288.370117 -508.084991 2135.209961	0.000 0.000 85.000
weapon_zm_rifle	-2297.449951 -199.136993 1991.209961	0.000 0.000 85.000
weapon_zm_rifle	-2297.179932 -205.597000 1991.209961	0.000 0.000 85.000
weapon_zm_rifle	-2470.370117 -504.437988 1383.209961	0.000 0.000 85.000
weapon_zm_rifle	-2515.000000 -1571.250000 1351.209961	0.000 0.000 85.000
weapon_zm_rifle	-1238.920044 -1.801760 2115.209961	0.000 0.000 85.000
weapon_zm_rifle	-1051.650024 -66.064697 2157.209961	0.000 0.000 85.000
weapon_zm_rifle	-217.078003 -811.145996 2295.209961	0.000 0.000 85.000
weapon_zm_rifle	-195.600006 -1214.739990 2295.209961	0.000 0.000 85.000
weapon_zm_rifle	-1069.939941 -766.911011 1719.209961	0.000 0.000 85.000
weapon_zm_rifle	-1997.839966 -1352.939941 1351.209961	0.000 0.000 85.000
weapon_zm_rifle	-885.494019 -829.515015 1351.209961	0.000 0.000 85.000
weapon_zm_rifle	-2257.350098 -1262.930054 1767.410034	0.000 0.000 85.000
weapon_zm_rifle	-2507.699951 -1596.150024 2563.209961	0.000 0.000 85.000
weapon_zm_rifle	-221.582993 -1528.560059 2563.209961	0.000 0.000 85.000
weapon_zm_rifle	-120.656998 33.026199 2563.209961	0.000 0.000 85.000
weapon_zm_rifle	-2288.370117 -508.084991 2135.209961	0.000 0.000 85.000
weapon_zm_rifle	-2297.449951 -199.136993 1991.209961	0.000 0.000 85.000
weapon_zm_rifle	-2297.179932 -205.597000 1991.209961	0.000 0.000 85.000
weapon_zm_rifle	-2470.370117 -504.437988 1383.209961	0.000 0.000 85.000
weapon_zm_rifle	-2515.000000 -1571.250000 1351.209961	0.000 0.000 85.000
weapon_zm_rifle	-1238.920044 -1.801760 2115.209961	0.000 0.000 85.000
weapon_zm_rifle	-1051.650024 -66.064697 2157.209961	0.000 0.000 85.000
weapon_zm_rifle	-217.078003 -811.145996 2295.209961	0.000 0.000 85.000
weapon_zm_rifle	-195.600006 -1214.739990 2295.209961	0.000 0.000 85.000
weapon_zm_rifle	-1069.939941 -766.911011 1719.209961	0.000 0.000 85.000
weapon_zm_rifle	-1997.839966 -1352.939941 1351.209961	0.000 0.000 85.000
weapon_zm_rifle	-885.494019 -829.515015 1351.209961	0.000 0.000 85.000
weapon_zm_rifle	-2257.350098 -1262.930054 1767.410034	0.000 0.000 85.000
weapon_zm_rifle	-2507.699951 -1596.150024 2563.209961	0.000 0.000 85.000
weapon_zm_rifle	-221.582993 -1528.560059 2563.209961	0.000 0.000 85.000
weapon_zm_rifle	-120.656998 33.026199 2563.209961	0.000 0.000 85.000
weapon_zm_mac10	-2282.360107 -1149.599976 2015.209961	0.000 0.000 85.000
weapon_zm_mac10	-2497.169922 -1241.170044 2015.209961	0.000 0.000 85.000
weapon_zm_mac10	-2305.770020 -663.693970 1767.209961	0.000 0.000 85.000
weapon_zm_mac10	-2536.820068 -1614.140015 1759.209961	0.000 0.000 85.000
weapon_zm_mac10	-2396.489990 -508.807007 2135.209961	0.000 0.000 85.000
weapon_zm_mac10	-1371.329956 -1620.119995 2347.209961	0.000 0.000 85.000
weapon_zm_mac10	-2287.020020 -854.419006 1471.209961	0.000 0.000 85.000
weapon_zm_mac10	-378.936005 -213.783005 2035.209961	0.000 0.000 85.000
weapon_zm_mac10	-965.969971 5.177860 1735.209961	0.000 0.000 85.000
weapon_zm_mac10	-1265.459961 -134.421997 1735.209961	0.000 0.000 85.000
weapon_zm_mac10	-1056.119995 200.050995 1434.209961	0.000 0.000 85.000
weapon_zm_mac10	-437.907013 199.195999 1451.209961	0.000 0.000 85.000
weapon_zm_mac10	-377.618011 -130.832001 2279.209961	0.000 0.000 85.000
weapon_zm_mac10	-346.859009 -1372.099976 1711.209961	0.000 0.000 85.000
weapon_zm_mac10	-501.786011 -1552.439941 1711.209961	0.000 0.000 85.000
weapon_zm_mac10	-332.209991 -1231.089966 1375.209961	0.000 0.000 85.000
weapon_zm_mac10	-342.148010 -951.591003 1375.209961	0.000 0.000 85.000
weapon_zm_mac10	-841.247986 -1431.000000 1351.209961	0.000 0.000 85.000
weapon_zm_mac10	-1250.140015 -885.411011 1735.209961	0.000 0.000 85.000
weapon_zm_mac10	-1941.579956 -1045.229980 1351.209961	0.000 0.000 85.000
weapon_zm_mac10	-1412.069946 -1053.790039 1351.209961	0.000 0.000 85.000
weapon_zm_mac10	-1097.530029 -617.104980 1351.209961	0.000 0.000 85.000
weapon_zm_mac10	-2282.360107 -1149.599976 2015.209961	0.000 0.000 85.000
weapon_zm_mac10	-2497.169922 -1241.170044 2015.209961	0.000 0.000 85.000
weapon_zm_mac10	-2305.770020 -663.693970 1767.209961	0.000 0.000 85.000
weapon_zm_mac10	-2536.820068 -1614.140015 1759.209961	0.000 0.000 85.000
weapon_zm_mac10	-2396.489990 -508.807007 2135.209961	0.000 0.000 85.000
weapon_zm_mac10	-1371.329956 -1620.119995 2347.209961	0.000 0.000 85.000
weapon_zm_mac10	-2287.020020 -854.419006 1471.209961	0.000 0.000 85.000
weapon_zm_mac10	-378.936005 -213.783005 2035.209961	0.000 0.000 85.000
weapon_zm_mac10	-965.969971 5.177860 1735.209961	0.000 0.000 85.000
weapon_zm_mac10	-1265.459961 -134.421997 1735.209961	0.000 0.000 85.000
weapon_zm_mac10	-1056.119995 200.050995 1434.209961	0.000 0.000 85.000
weapon_zm_mac10	-437.907013 199.195999 1451.209961	0.000 0.000 85.000
weapon_zm_mac10	-377.618011 -130.832001 2279.209961	0.000 0.000 85.000
weapon_zm_mac10	-346.859009 -1372.099976 1711.209961	0.000 0.000 85.000
weapon_zm_mac10	-501.786011 -1552.439941 1711.209961	0.000 0.000 85.000
weapon_zm_mac10	-332.209991 -1231.089966 1375.209961	0.000 0.000 85.000
weapon_zm_mac10	-342.148010 -951.591003 1375.209961	0.000 0.000 85.000
weapon_zm_mac10	-841.247986 -1431.000000 1351.209961	0.000 0.000 85.000
weapon_zm_mac10	-1250.140015 -885.411011 1735.209961	0.000 0.000 85.000
weapon_zm_mac10	-1941.579956 -1045.229980 1351.209961	0.000 0.000 85.000
weapon_zm_mac10	-1412.069946 -1053.790039 1351.209961	0.000 0.000 85.000
weapon_zm_mac10	-1097.530029 -617.104980 1351.209961	0.000 0.000 85.000
weapon_zm_mac10	-2282.360107 -1149.599976 2015.209961	0.000 0.000 85.000
weapon_zm_mac10	-2497.169922 -1241.170044 2015.209961	0.000 0.000 85.000
weapon_zm_mac10	-2305.770020 -663.693970 1767.209961	0.000 0.000 85.000
weapon_zm_mac10	-2536.820068 -1614.140015 1759.209961	0.000 0.000 85.000
weapon_zm_mac10	-2396.489990 -508.807007 2135.209961	0.000 0.000 85.000
weapon_zm_mac10	-1371.329956 -1620.119995 2347.209961	0.000 0.000 85.000
weapon_zm_mac10	-2287.020020 -854.419006 1471.209961	0.000 0.000 85.000
weapon_zm_mac10	-378.936005 -213.783005 2035.209961	0.000 0.000 85.000
weapon_zm_mac10	-965.969971 5.177860 1735.209961	0.000 0.000 85.000
weapon_zm_mac10	-1265.459961 -134.421997 1735.209961	0.000 0.000 85.000
weapon_zm_mac10	-1056.119995 200.050995 1434.209961	0.000 0.000 85.000
weapon_zm_mac10	-437.907013 199.195999 1451.209961	0.000 0.000 85.000
weapon_zm_mac10	-377.618011 -130.832001 2279.209961	0.000 0.000 85.000
weapon_zm_mac10	-346.859009 -1372.099976 1711.209961	0.000 0.000 85.000
weapon_zm_mac10	-501.786011 -1552.439941 1711.209961	0.000 0.000 85.000
weapon_zm_mac10	-332.209991 -1231.089966 1375.209961	0.000 0.000 85.000
weapon_zm_mac10	-342.148010 -951.591003 1375.209961	0.000 0.000 85.000
weapon_zm_mac10	-841.247986 -1431.000000 1351.209961	0.000 0.000 85.000
weapon_zm_mac10	-1250.140015 -885.411011 1735.209961	0.000 0.000 85.000
weapon_zm_mac10	-1941.579956 -1045.229980 1351.209961	0.000 0.000 85.000
weapon_zm_mac10	-1412.069946 -1053.790039 1351.209961	0.000 0.000 85.000
weapon_zm_mac10	-1097.530029 -617.104980 1351.209961	0.000 0.000 85.000
weapon_zm_mac10	-2282.360107 -1149.599976 2015.209961	0.000 0.000 85.000
weapon_zm_mac10	-2497.169922 -1241.170044 2015.209961	0.000 0.000 85.000
weapon_zm_mac10	-2305.770020 -663.693970 1767.209961	0.000 0.000 85.000
weapon_zm_mac10	-2536.820068 -1614.140015 1759.209961	0.000 0.000 85.000
weapon_zm_mac10	-2396.489990 -508.807007 2135.209961	0.000 0.000 85.000
weapon_zm_mac10	-1371.329956 -1620.119995 2347.209961	0.000 0.000 85.000
weapon_zm_mac10	-2287.020020 -854.419006 1471.209961	0.000 0.000 85.000
weapon_zm_mac10	-378.936005 -213.783005 2035.209961	0.000 0.000 85.000
weapon_zm_mac10	-965.969971 5.177860 1735.209961	0.000 0.000 85.000
weapon_zm_mac10	-1265.459961 -134.421997 1735.209961	0.000 0.000 85.000
weapon_zm_mac10	-1056.119995 200.050995 1434.209961	0.000 0.000 85.000
weapon_zm_mac10	-437.907013 199.195999 1451.209961	0.000 0.000 85.000
weapon_zm_mac10	-377.618011 -130.832001 2279.209961	0.000 0.000 85.000
weapon_zm_mac10	-346.859009 -1372.099976 1711.209961	0.000 0.000 85.000
weapon_zm_mac10	-501.786011 -1552.439941 1711.209961	0.000 0.000 85.000
weapon_zm_mac10	-332.209991 -1231.089966 1375.209961	0.000 0.000 85.000
weapon_zm_mac10	-342.148010 -951.591003 1375.209961	0.000 0.000 85.000
weapon_zm_mac10	-841.247986 -1431.000000 1351.209961	0.000 0.000 85.000
weapon_zm_mac10	-1250.140015 -885.411011 1735.209961	0.000 0.000 85.000
weapon_zm_mac10	-1941.579956 -1045.229980 1351.209961	0.000 0.000 85.000
weapon_zm_mac10	-1412.069946 -1053.790039 1351.209961	0.000 0.000 85.000
weapon_zm_mac10	-1097.530029 -617.104980 1351.209961	0.000 0.000 85.000
item_ammo_357_ttt	-179.296494 -1234.826294 2292.314697	0.446 0.072 0.062
item_ammo_357_ttt	-193.680054 -1233.866821 2292.340576	0.451 0.064 0.052
item_ammo_357_ttt	-212.338516 -1232.317383 2292.390137	0.462 0.050 0.032
item_ammo_357_ttt	-208.079681 -830.027466 2292.369385	0.435 0.988 0.003
item_ammo_357_ttt	-219.388947 -831.245728 2297.639160	-44.116 178.698 -180.000
item_ammo_357_ttt	-215.324356 -829.738770 2292.453369	1.222 -0.244 -0.766
item_ammo_357_ttt	-2323.428711 -521.827454 2132.360107	0.455 0.040 0.044
item_ammo_357_ttt	-2322.588623 -506.821747 2132.340332	0.451 0.065 0.052
item_ammo_357_ttt	-2315.232422 -528.199829 2132.348145	0.453 0.061 0.049
item_ammo_357_ttt	-2230.026611 -1268.883911 1764.403564	0.429 -1.547 0.025
item_ammo_357_ttt	-2224.151611 -1263.764282 1767.424194	89.232 173.431 164.019
item_ammo_357_ttt	-2210.232666 -1266.507324 1767.309937	89.043 -2.045 -0.011
item_ammo_357_ttt	-2481.258545 -1586.519043 1348.332275	0.450 0.063 0.055
item_ammo_357_ttt	-2471.382568 -1588.052979 1348.336426	0.451 0.061 0.053
item_ammo_357_ttt	-2465.116455 -527.142273 1380.407349	0.465 0.053 0.025
item_ammo_357_ttt	-2455.092285 -523.145325 1380.393677	0.462 0.049 0.031
item_ammo_357_ttt	-2445.026367 -524.717590 1380.355225	0.454 0.059 0.046
item_ammo_357_ttt	-2267.811768 -204.619110 1988.323730	0.448 0.017 0.058
item_ammo_357_ttt	-2252.982178 -207.619965 1988.319214	0.447 0.074 0.060
item_ammo_357_ttt	-2245.043213 -205.655243 1988.375854	0.459 0.055 0.038
item_ammo_357_ttt	-2259.525635 -220.179413 1988.344238	0.453 0.035 0.050
item_ammo_357_ttt	-2266.582031 -218.830460 1988.368286	0.457 0.057 0.041
item_ammo_357_ttt	-2246.776367 -224.659470 1988.338379	0.451 0.063 0.053
item_ammo_357_ttt	-1022.675659 -71.246063 2154.381592	0.398 -1.719 -0.130
item_ammo_357_ttt	-1016.474182 -66.382607 2157.359619	89.691 0.982 0.012
item_ammo_357_ttt	-1236.600098 12.602094 2112.348877	1.216 0.462 -0.046
item_ammo_357_ttt	-1227.842896 9.578010 2112.349854	0.454 0.038 0.047
item_ammo_357_ttt	-1219.715942 12.541681 2112.371338	0.459 0.045 0.039
item_ammo_357_ttt	-1092.152588 -757.967712 1716.356812	0.455 0.059 0.045
item_ammo_357_ttt	-1086.362427 -749.059692 1716.474609	1.739 -0.193 -0.838
item_ammo_357_ttt	-1080.800415 -738.604187 1716.476318	2.231 -0.134 -1.166
item_ammo_357_ttt	-2010.447754 -1347.293091 1348.319214	0.447 0.073 0.060
item_ammo_357_ttt	-1999.337158 -1346.335205 1348.330200	0.450 0.018 0.056
item_ammo_357_ttt	-1989.114380 -1346.023926 1348.430786	0.470 0.052 0.016
item_ammo_357_ttt	-895.033630 -855.838501 1348.379883	0.460 0.056 0.036
item_ammo_357_ttt	-902.000366 -854.476624 1348.334351	0.451 0.064 0.054
item_ammo_357_ttt	-231.193695 -1513.051636 2560.351807	0.457 0.062 0.047
item_ammo_357_ttt	-222.418579 -1511.677734 2560.357178	0.458 0.061 0.045
item_ammo_pistol_ttt	-1999.704590 -1162.191528 1605.399536	-0.088 -0.020 -0.027
item_ammo_pistol_ttt	-2007.049316 -1161.828369 1605.465332	-0.118 0.004 -0.088
item_ammo_pistol_ttt	-2016.042725 -1160.089233 1605.433350	-0.457 0.048 -0.359
item_ammo_pistol_ttt	-196.526459 -1196.024414 2292.459229	-0.348 0.034 -0.230
item_ammo_pistol_ttt	-204.563919 -1193.004883 2292.446289	-0.814 0.067 -0.596
item_ammo_pistol_ttt	-163.367233 -227.389221 2276.467285	-0.923 0.072 -0.481
item_ammo_pistol_ttt	-173.229584 -228.429337 2276.398438	-0.140 0.016 -0.029
item_ammo_pistol_ttt	-185.459106 -229.637436 2276.340576	-0.141 -0.019 -0.044
item_ammo_pistol_ttt	-197.430817 -227.465652 2276.398193	-0.089 -0.020 -0.028
item_ammo_pistol_ttt	-372.850006 -108.210365 2276.372559	-0.112 -0.020 -0.035
item_ammo_pistol_ttt	-384.970123 -109.299194 2276.328125	-0.152 -0.019 -0.047
item_ammo_pistol_ttt	-824.593750 -22.511045 1732.450317	1.210 -1.014 0.107
item_ammo_pistol_ttt	-810.906128 -20.720957 1732.409912	-0.579 0.029 -0.393
item_ammo_pistol_ttt	-799.877014 -19.501724 1732.372559	-0.112 -0.020 -0.035
item_ammo_pistol_ttt	-821.661926 -40.908646 1732.428467	0.706 -1.617 -0.110
item_ammo_pistol_ttt	-954.117920 -30.342125 1732.328125	-0.152 -0.019 -0.047
item_ammo_pistol_ttt	-966.086060 -31.814281 1732.362671	-0.121 -0.020 -0.038
item_ammo_pistol_ttt	-1267.158325 -113.965569 1732.486938	0.095 -0.231 0.040
item_ammo_pistol_ttt	-1260.782227 -122.218697 1735.388550	88.971 -159.846 -165.100
item_ammo_pistol_ttt	-2333.166504 -521.099121 2132.358398	-0.125 -0.020 -0.039
item_ammo_pistol_ttt	-2342.280518 -520.630249 2132.463379	0.558 0.166 0.050
item_ammo_pistol_ttt	-2348.523926 -511.721588 2135.241699	-89.980 168.941 180.000
item_ammo_pistol_ttt	-2246.791016 -649.888367 2292.437744	-0.572 1.041 -0.581
item_ammo_pistol_ttt	-2255.657959 -651.577026 2292.364746	-0.119 -0.020 -0.037
item_ammo_pistol_ttt	-2270.914551 -653.227112 2292.439697	-0.150 0.009 -0.132
item_ammo_pistol_ttt	-2246.470703 -670.462036 2292.317627	-0.161 -0.018 -0.050
item_ammo_pistol_ttt	-2341.200684 -1156.471924 2292.366699	-0.117 -0.020 -0.037
item_ammo_pistol_ttt	-2349.459229 -1154.150635 2292.372559	-0.112 -0.020 -0.035
item_ammo_pistol_ttt	-2332.864990 -1156.287842 2292.374512	-0.110 -0.020 -0.034
item_ammo_pistol_ttt	-2357.658691 -1157.891235 2292.380127	-0.105 -0.020 -0.033
item_ammo_pistol_ttt	-2469.789795 -1270.586304 2160.407471	-0.146 -0.014 -0.045
item_ammo_pistol_ttt	-2461.593506 -1270.635254 2160.444336	-0.366 0.024 -0.177
item_ammo_pistol_ttt	-2257.010010 -1116.751099 2012.417480	-0.072 -0.020 -0.022
item_ammo_pistol_ttt	-2251.279297 -1094.413452 2012.372803	-0.112 -0.020 -0.035
item_ammo_pistol_ttt	-2432.635498 -1268.722412 2012.358643	-0.124 -0.020 -0.039
item_ammo_pistol_ttt	-2421.374023 -1266.548340 2012.362915	-0.121 -0.020 -0.037
item_ammo_pistol_ttt	-2453.004150 -1268.512817 1764.434448	0.611 -0.050 0.221
item_ammo_pistol_ttt	-2446.955811 -1265.773071 1764.410645	-0.585 -0.172 0.045
item_ammo_pistol_ttt	-2438.913330 -1270.265381 1764.386963	-0.099 -0.020 -0.031
item_ammo_pistol_ttt	-2189.130859 -859.285034 1764.330688	-0.149 -0.019 -0.047
item_ammo_pistol_ttt	-2182.716553 -859.221680 1764.383545	-0.102 -0.020 -0.032
item_ammo_pistol_ttt	-2173.664307 -856.455933 1764.395142	-0.092 -0.020 -0.029
item_ammo_pistol_ttt	-2289.745117 -653.497131 1764.402588	-0.085 -0.020 -0.027
item_ammo_pistol_ttt	-2275.723389 -655.056824 1764.391968	-0.095 -0.020 -0.030
item_ammo_pistol_ttt	-2260.087158 -651.067139 1764.408203	-0.080 -0.020 -0.025
item_ammo_pistol_ttt	-2484.110352 -1569.584351 1348.436768	0.551 -0.165 0.230
item_ammo_pistol_ttt	-2478.392822 -1565.923340 1351.351562	89.042 176.449 -178.926
item_ammo_pistol_ttt	-2341.238281 -844.638916 1468.376587	-0.108 -0.020 -0.034
item_ammo_pistol_ttt	-2353.311768 -843.373230 1468.417358	-0.072 -0.020 -0.022
item_ammo_pistol_ttt	-2236.229004 -1147.269043 1468.408203	-0.080 -0.020 -0.025
item_ammo_pistol_ttt	-2228.377197 -1147.765747 1468.364990	-0.119 -0.020 -0.037
item_ammo_pistol_ttt	-2336.327637 -890.618652 1628.459595	0.201 0.298 0.083
item_ammo_pistol_ttt	-2326.254150 -876.878906 1631.293213	89.308 174.717 148.378
item_ammo_pistol_ttt	-2347.299316 -882.906738 1631.296143	-89.577 120.090 -125.799
item_ammo_pistol_ttt	-2459.944092 -330.542511 1380.353271	-0.230 -0.027 -0.088
item_ammo_pistol_ttt	-2450.793945 -330.505005 1380.328125	-0.152 -0.019 -0.047
item_ammo_pistol_ttt	-943.275146 -71.087151 2154.398438	1.082 0.123 0.181
item_ammo_pistol_ttt	-936.386902 -65.829887 2157.309326	89.169 175.546 -179.192
item_ammo_pistol_ttt	-921.375977 -66.690422 2154.427246	-0.139 0.093 -0.188
item_ammo_pistol_ttt	-1256.187744 14.041607 2112.420898	-0.069 -0.020 -0.022
item_ammo_pistol_ttt	-1248.444458 9.367796 2112.449219	-0.044 -0.020 -0.014
item_ammo_pistol_ttt	-375.743408 -236.335648 2032.422241	1.186 -0.034 -0.139
item_ammo_pistol_ttt	-382.852142 -236.795105 2032.419800	-0.412 0.035 -0.332
item_ammo_pistol_ttt	-548.354736 -262.581970 1732.364746	-0.119 -0.020 -0.037
item_ammo_pistol_ttt	-536.771973 -261.490845 1732.360474	-0.123 -0.020 -0.038
item_ammo_pistol_ttt	-293.414764 -820.781128 2116.439941	0.067 -0.223 0.118
item_ammo_pistol_ttt	-302.462585 -826.507324 2119.262939	-89.313 -105.882 138.195
item_ammo_pistol_ttt	-283.948181 -831.792969 2116.466797	-0.914 0.071 -0.475
item_ammo_pistol_ttt	-306.070099 -1372.826050 1972.419678	-0.070 -0.020 -0.022
item_ammo_pistol_ttt	-289.823303 -1374.643311 1972.374512	-0.110 -0.020 -0.034
item_ammo_pistol_ttt	-298.747070 -1376.044556 1972.370605	-0.114 -0.020 -0.035
item_ammo_pistol_ttt	-282.743317 -1379.481812 1972.383545	-0.102 -0.020 -0.032
item_ammo_pistol_ttt	-258.442108 -1465.292847 1972.352051	-0.130 -0.020 -0.041
item_ammo_pistol_ttt	-260.878052 -1447.008301 1972.475342	-0.195 0.931 -0.213
item_ammo_pistol_ttt	-1069.778564 -740.581360 1716.383789	0.021 0.031 0.004
item_ammo_pistol_ttt	-1059.617065 -738.309265 1716.413696	0.016 0.031 0.003
item_ammo_pistol_ttt	-1429.538330 -601.054504 1716.390259	-0.096 -0.020 -0.030
item_ammo_pistol_ttt	-1443.910645 -606.641418 1716.380005	-0.105 -0.020 -0.033
item_ammo_pistol_ttt	-1453.094360 -609.622314 1716.417358	-0.072 -0.020 -0.023
item_ammo_pistol_ttt	-1421.624146 -599.511902 1716.349731	-0.132 -0.020 -0.041
item_ammo_pistol_ttt	-1415.314697 -1004.125671 1716.330688	-0.149 -0.019 -0.047
item_ammo_pistol_ttt	-1426.008545 -993.906738 1716.409546	-0.079 -0.020 -0.025
item_ammo_pistol_ttt	-1441.157471 -984.317383 1716.443970	-0.049 -0.020 -0.015
item_ammo_pistol_ttt	-1457.547729 -994.661377 1716.479614	0.000 -0.962 0.120
item_ammo_pistol_ttt	-2004.153198 -1387.346191 1348.338379	-0.142 -0.019 -0.044
item_ammo_pistol_ttt	-1992.748047 -1386.880249 1348.427734	-0.063 -0.020 -0.020
item_ammo_pistol_ttt	-1929.244385 -1044.153320 1348.440063	-0.404 0.042 -0.308
item_ammo_pistol_ttt	-1922.211548 -1048.159546 1348.366943	-0.117 -0.020 -0.036
item_ammo_pistol_ttt	-1816.275269 -490.469025 1348.406860	-0.081 -0.020 -0.025
item_ammo_pistol_ttt	-1827.507324 -490.977783 1348.354492	-0.128 -0.020 -0.040
item_ammo_pistol_ttt	-1838.845337 -493.408691 1348.456299	-0.830 0.059 -0.523
item_ammo_pistol_ttt	-2520.831299 -20.244856 1348.362915	-0.119 -0.020 -0.037
item_ammo_pistol_ttt	-2510.307373 -21.552418 1348.398193	-0.089 -0.020 -0.028
item_ammo_pistol_ttt	-2500.015381 -21.672888 1348.388672	-0.098 -0.020 -0.030
item_ammo_pistol_ttt	-1749.245850 -5.010335 1348.451538	-1.208 0.091 -0.674
item_ammo_pistol_ttt	-1761.270996 -4.202492 1348.408813	-0.607 0.044 -0.446
item_ammo_pistol_ttt	-1776.970215 -4.699156 1348.390381	-0.096 -0.020 -0.030
item_ammo_pistol_ttt	-1054.962158 -183.660110 1428.441040	-0.643 -0.072 0.032
item_ammo_pistol_ttt	-1069.241577 -183.287247 1428.456787	0.736 2.872 0.085
item_ammo_pistol_ttt	-880.131531 -14.356689 1428.396606	-0.091 -0.020 -0.028
item_ammo_pistol_ttt	-890.563232 -15.456955 1428.378052	-0.107 -0.020 -0.033
item_ammo_pistol_ttt	-1038.359497 205.089096 1431.362915	-0.121 -0.020 -0.038
item_ammo_pistol_ttt	-1029.769043 203.581161 1431.410889	-0.078 -0.020 -0.024
item_ammo_pistol_ttt	-1017.400024 210.344910 1431.408813	0.246 -0.163 0.190
item_ammo_pistol_ttt	-403.780151 197.552429 1448.347412	-0.134 -0.020 -0.042
item_ammo_pistol_ttt	-417.083130 176.406540 1448.435791	-0.056 -0.020 -0.017
item_ammo_pistol_ttt	-440.341248 -178.469330 1444.338379	-0.142 -0.019 -0.044
item_ammo_pistol_ttt	-425.855804 -180.643402 1444.340820	-0.140 -0.019 -0.044
item_ammo_pistol_ttt	-412.418854 -181.149185 1444.336060	-0.145 -0.019 -0.045
item_ammo_pistol_ttt	-279.883667 -255.888718 1444.383301	-0.256 0.024 -0.212
item_ammo_pistol_ttt	-269.305420 -224.200974 1444.409546	-0.079 -0.020 -0.025
item_ammo_pistol_ttt	-253.596664 -226.437317 1444.385376	-0.101 -0.020 -0.031
item_ammo_pistol_ttt	-327.712494 -959.278381 1372.372803	-0.112 -0.020 -0.035
item_ammo_pistol_ttt	-319.309265 -961.106445 1372.352173	-0.130 -0.020 -0.040
item_ammo_pistol_ttt	-350.112579 -1234.354614 1372.336060	-0.145 -0.019 -0.045
item_ammo_pistol_ttt	-356.562164 -1232.392456 1372.383789	-0.102 -0.020 -0.032
item_ammo_pistol_ttt	-364.909790 -1233.351318 1372.413696	-0.075 -0.020 -0.023
item_ammo_pistol_ttt	-372.807404 -1231.270874 1372.323120	-0.156 -0.019 -0.049
item_ammo_pistol_ttt	-271.050751 -1531.979980 1372.330933	-0.149 -0.019 -0.046
item_ammo_pistol_ttt	-278.330872 -1537.430664 1372.432983	-0.058 -0.020 -0.018
item_ammo_pistol_ttt	-289.583313 -1536.856201 1372.354492	-0.128 -0.020 -0.040
item_ammo_pistol_ttt	-272.180145 -1545.658691 1556.340820	-0.140 -0.019 -0.044
item_ammo_pistol_ttt	-264.151581 -1549.510010 1556.338379	-0.142 -0.019 -0.044
item_ammo_pistol_ttt	-496.412231 -1530.642578 1708.435181	0.858 -0.403 0.361
item_ammo_pistol_ttt	-490.039032 -1520.470215 1708.448730	-0.999 1.442 -0.000
item_ammo_pistol_ttt	-367.592957 -1372.510864 1708.356323	-0.126 -0.020 -0.039
item_ammo_pistol_ttt	-363.501190 -1390.804199 1708.347290	-0.202 -0.012 -0.046
item_ammo_pistol_ttt	-193.410538 -950.609680 1708.349731	-0.132 -0.020 -0.041
item_ammo_pistol_ttt	-203.619644 -954.038574 1708.361328	-0.141 0.057 -0.123
item_ammo_pistol_ttt	-212.096130 -957.015930 1708.378052	-0.107 -0.020 -0.033
item_ammo_pistol_ttt	-858.765991 -1440.647827 1348.409546	-0.079 -0.020 -0.025
item_ammo_pistol_ttt	-870.165710 -1441.217529 1348.406860	-0.081 -0.020 -0.025
item_ammo_pistol_ttt	-1185.420654 -1289.353760 1348.439453	-0.053 -0.020 -0.016
item_ammo_pistol_ttt	-1199.419312 -1290.711182 1348.356567	-0.126 -0.020 -0.039
item_ammo_pistol_ttt	-1407.918091 -1076.049072 1348.378296	-0.107 -0.020 -0.033
item_ammo_pistol_ttt	-1419.829590 -1078.126709 1348.338379	-0.142 -0.019 -0.044
item_ammo_pistol_ttt	-863.804321 -851.733887 1348.368896	-0.115 -0.020 -0.036
item_ammo_pistol_ttt	-856.734802 -849.127563 1348.391968	-0.095 -0.020 -0.029
item_ammo_pistol_ttt	-1414.341064 -644.235535 1348.340820	-0.140 -0.019 -0.044
item_ammo_pistol_ttt	-1408.296875 -643.836792 1348.352173	-0.130 -0.020 -0.040
item_ammo_pistol_ttt	-1459.292358 -392.805206 1348.490845	-0.215 0.232 -0.100
item_ammo_pistol_ttt	-1453.206055 -409.690033 1348.464600	-0.687 -1.436 -0.000
item_ammo_pistol_ttt	-955.449219 -248.471878 1348.328369	-0.151 -0.019 -0.047
item_ammo_pistol_ttt	-947.759949 -246.880432 1348.349976	-0.132 -0.020 -0.041
item_ammo_pistol_ttt	-938.833557 -248.657639 1348.349976	-0.132 -0.020 -0.041
item_ammo_pistol_ttt	-1641.208984 -1582.492798 1348.343018	-0.138 -0.019 -0.043
item_ammo_pistol_ttt	-1653.386230 -1581.260376 1348.478027	1.043 -0.144 0.332
item_ammo_pistol_ttt	-1316.881958 -1616.373779 2344.407471	-0.294 0.058 0.042
item_ammo_pistol_ttt	-1305.534180 -1614.126587 2344.412109	-0.077 -0.020 -0.024
item_ammo_pistol_ttt	-1295.123413 -1615.749390 2344.372559	-0.112 -0.020 -0.035
weapon_zm_molotov	-209.237595 -889.269165 2292.195557	-1.254 -1.495 -0.688
weapon_zm_molotov	-222.724731 -1159.679810 2292.151611	-2.867 -1.205 -1.572
weapon_zm_molotov	-225.659653 -208.671265 2277.207275	-13.471 32.519 -39.871
weapon_zm_molotov	-280.298523 -162.924332 2277.692627	19.504 43.671 -90.344
weapon_zm_molotov	-801.370972 -74.956055 1732.158325	-2.618 -1.234 -1.434
weapon_zm_molotov	-1000.524597 -35.778481 1732.202026	-1.016 -1.505 -0.557
weapon_zm_molotov	-1224.792236 -133.769913 1732.180542	-1.799 -1.447 -0.984
weapon_zm_molotov	-1016.864929 52.799957 2114.116699	24.974 -109.170 90.802
weapon_zm_molotov	-914.253662 56.101601 2114.004639	25.940 -87.057 89.127
weapon_zm_molotov	-309.935547 -556.877319 1708.197021	-1.198 -1.498 -0.657
weapon_zm_molotov	-257.336151 -410.792725 1708.178467	-1.880 -1.442 -1.031
weapon_zm_molotov	-406.607117 -327.116974 1708.206543	-0.837 -1.509 -0.459
weapon_zm_molotov	-770.902771 -297.995880 1348.173828	-2.058 -1.402 -1.128
weapon_zm_molotov	-1105.622925 -208.412567 1350.113525	25.403 -87.545 91.461
weapon_zm_molotov	-1556.660645 -44.137394 1348.192383	-1.372 -1.490 -0.752
weapon_zm_molotov	-1743.445801 -43.675781 1348.162476	-2.466 -1.325 -1.352
weapon_zm_molotov	-2007.858521 -232.363556 1348.188843	-1.501 -1.481 -0.823
weapon_zm_molotov	-2097.800049 -420.505768 1349.771973	-48.849 -86.741 -86.472
weapon_zm_molotov	-2078.715088 -717.307068 1349.474609	19.041 56.383 -88.105
weapon_zm_molotov	-2328.638184 -668.406128 1766.110840	25.409 -157.771 90.757
weapon_zm_molotov	-2196.774170 -790.807129 1764.178589	-1.880 -1.442 -1.031
weapon_zm_molotov	-2188.185791 -1029.928955 1768.215210	27.053 -91.740 106.744
weapon_zm_molotov	-2320.232666 -1109.009888 1764.165649	-2.357 -1.358 -1.292
weapon_zm_molotov	-2142.569824 -1219.977173 1765.157349	-2.658 -1.239 -1.458
weapon_zm_molotov	-1978.848633 -1389.460693 1348.167603	-2.288 -1.366 -1.252
weapon_zm_molotov	-1757.548828 -1548.248413 1348.186279	-1.595 -1.475 -0.873
weapon_zm_molotov	-1237.112671 -1260.113159 1544.165527	-2.357 -1.359 -1.291
weapon_zm_molotov	-1204.160522 -1266.503174 1349.491333	18.368 51.057 -89.133
weapon_zm_molotov	-862.602356 -1427.175293 1349.507690	17.635 -59.934 -89.998
weapon_zm_molotov	-883.944824 -30.213135 1428.175537	-1.997 -1.430 -1.095
weapon_ttt_confgrenade	-220.726181 -1205.281494 2294.099365	-35.804 -56.655 -90.093
weapon_ttt_confgrenade	-237.396759 -1222.441040 2294.096680	-35.761 -56.697 -90.029
weapon_ttt_confgrenade	-220.765625 -852.696716 2294.091309	-35.680 -56.777 -89.904
weapon_ttt_confgrenade	-251.790161 -1487.540283 2562.140625	-37.261 -50.736 -91.296
weapon_ttt_confgrenade	-1099.120361 -699.942810 1718.096558	-35.760 -56.634 -90.027
weapon_ttt_confgrenade	-1227.072998 -708.306885 1718.211182	-37.531 -54.816 -92.823
weapon_ttt_confgrenade	-1322.526978 -1085.544556 1718.126709	-36.235 -56.211 -90.748
weapon_ttt_confgrenade	-1116.946655 -1007.890625 1718.303711	13.091 26.247 -93.247
weapon_ttt_confgrenade	-1157.452026 -894.227234 1718.101074	-35.832 -56.569 -90.136
weapon_ttt_confgrenade	-916.860840 -68.995949 1734.200684	38.974 -111.402 87.390
weapon_ttt_confgrenade	-637.147034 -175.723862 1734.421387	39.443 -39.162 -92.385
weapon_ttt_confgrenade	-1081.217163 -127.368935 1732.228760	-2.387 -3.095 5.995
weapon_ttt_confgrenade	-922.439819 -146.372559 1734.081909	-35.542 -56.901 -89.695
weapon_ttt_confgrenade	-1130.109985 -112.775871 1757.584839	-38.435 -44.455 -90.519
weapon_ttt_confgrenade	-704.367737 -651.008789 1350.259399	-38.293 -53.986 -94.102
weapon_ttt_confgrenade	-581.854858 -968.579346 1350.075928	-35.450 -56.952 -89.555
weapon_ttt_confgrenade	-635.759399 -1033.668335 1350.159790	-36.733 -55.722 -91.531
weapon_ttt_confgrenade	-849.271240 -1319.449707 1350.166748	-36.835 -55.608 -91.694
weapon_ttt_confgrenade	-908.129150 -1108.798218 1350.197998	-37.321 -55.093 -92.478
weapon_ttt_confgrenade	-770.036499 -1168.923706 1350.170776	-36.894 -55.550 -91.789
weapon_ttt_confgrenade	-788.686584 -983.292908 1350.175293	-36.962 -55.478 -91.900
weapon_ttt_confgrenade	-921.053406 -1277.473633 1350.134033	-36.343 -56.113 -90.921
weapon_ttt_confgrenade	-1101.511841 -1565.600220 1350.186890	-37.141 -55.310 -92.189
weapon_ttt_confgrenade	-1632.672974 -1339.952026 1350.140869	-36.447 -56.009 -91.081
weapon_ttt_confgrenade	-1696.897705 -1285.633789 1350.136963	-36.388 -56.070 -90.990
weapon_ttt_confgrenade	-1493.108765 -1130.134155 1718.097046	-35.775 -56.700 -90.042
weapon_ttt_confgrenade	-1991.436768 -1405.539673 1350.135010	-36.356 -56.099 -90.942
weapon_ttt_confgrenade	-1844.901733 -1362.444580 1350.123779	-36.184 -56.270 -90.676
weapon_ttt_confgrenade	-1885.868042 -1590.045532 1350.132935	-36.323 -56.132 -90.891
weapon_ttt_confgrenade	-2034.661865 -1338.294800 1350.186890	15.693 114.575 -91.166
weapon_ttt_confgrenade	-2014.667603 -1415.570312 1350.183472	10.028 54.418 -91.993
weapon_ttt_confgrenade	-1740.779419 -74.136414 1350.120483	-36.131 -56.366 -90.594
weapon_ttt_confgrenade	-1781.957031 31.389418 1348.672729	18.676 -0.530 -37.045
weapon_ttt_confgrenade	-2090.993652 -220.543045 1350.068970	16.785 10.306 -88.585
weapon_ttt_confgrenade	-2082.828857 -437.347137 1350.545532	41.428 39.980 -95.134
weapon_ttt_confgrenade	-2078.659912 -301.398224 1350.006714	12.463 -18.214 -88.605
weapon_ttt_confgrenade	-2226.274414 -590.661316 1350.322510	11.070 -119.982 93.482
weapon_ttt_confgrenade	-2059.578857 -365.120209 1350.445679	10.670 68.418 -96.166
weapon_ttt_confgrenade	-1692.166382 -287.923218 1350.184326	-37.101 -55.374 -92.121
weapon_ttt_confgrenade	-1900.490112 -385.676300 1350.063599	-35.258 -57.213 -89.273
weapon_ttt_confgrenade	-2382.785156 -448.381134 2134.141113	-36.448 -56.047 -91.087
weapon_ttt_confgrenade	-2295.464600 -444.288422 2134.162354	-36.767 -55.719 -91.589
weapon_ttt_confgrenade	-2385.064941 -1122.214355 2294.146973	-36.539 -55.951 -91.225
weapon_ttt_confgrenade	-2319.048584 -1121.560181 2294.138916	-36.416 -56.074 -91.035
weapon_ttt_confgrenade	-2277.499023 -672.820190 1766.194214	-37.257 -55.189 -92.376
weapon_ttt_confgrenade	-2212.704834 -781.776855 1766.106567	-35.922 -56.542 -90.269
weapon_ttt_confgrenade	-2152.458252 -852.737061 1766.096069	-35.756 -56.700 -90.018
weapon_ttt_confgrenade	-2229.720215 -1239.817993 1766.144653	15.640 -43.152 -90.062
weapon_ttt_confgrenade	-1609.182495 -1570.035645 1350.082397	-35.553 -56.868 -89.706
weapon_ttt_confgrenade	-1466.706787 -1004.021484 1718.220337	-86.210 61.097 147.009
weapon_ttt_confgrenade	-2268.072510 -671.568542 2294.130127	-36.280 -56.210 -90.823
weapon_ttt_confgrenade	-364.035583 -154.355133 2278.174072	-37.010 -63.955 -91.891
item_ammo_revolver_ttt	-196.672150 -803.056885 2292.349854	0.453 0.061 0.048
item_ammo_revolver_ttt	-204.327881 -800.483215 2292.374268	0.413 1.172 0.078
item_ammo_revolver_ttt	-215.468033 -803.595337 2297.652588	-43.223 -170.526 -180.000
item_ammo_revolver_ttt	-2336.950195 -496.546936 2132.336426	0.451 0.063 0.054
item_ammo_revolver_ttt	-2345.158936 -493.311279 2132.356934	0.455 0.058 0.046
item_ammo_revolver_ttt	-2232.575684 -1249.790649 1764.338379	0.451 0.033 0.053
item_ammo_revolver_ttt	-2239.825439 -1250.247803 1764.369751	0.458 0.056 0.040
item_ammo_revolver_ttt	-2247.309082 -1250.482422 1764.404419	0.465 0.054 0.026
item_ammo_revolver_ttt	-2547.513916 -1593.696289 1756.316772	0.448 0.008 0.060
item_ammo_revolver_ttt	-2548.305908 -1581.296387 1756.346069	0.453 0.036 0.049
item_ammo_revolver_ttt	-2218.667969 -1151.976196 1468.334351	0.451 0.026 0.054
item_ammo_revolver_ttt	-2218.136963 -1141.127563 1468.372192	0.638 0.203 -0.004
item_ammo_revolver_ttt	-2263.477783 -1262.150146 1628.441406	0.472 0.053 0.011
item_ammo_revolver_ttt	-2256.651855 -1259.730957 1628.332275	0.450 0.064 0.055
item_ammo_revolver_ttt	-2462.129883 -398.400482 1380.337646	0.903 0.309 0.002
item_ammo_revolver_ttt	-2451.235596 -399.083313 1380.353516	0.454 0.059 0.047
item_ammo_revolver_ttt	-989.902466 -69.795357 2154.411377	0.444 -1.119 -0.139
item_ammo_revolver_ttt	-981.842346 -64.975548 2157.325684	89.251 24.016 -0.008
item_ammo_revolver_ttt	-286.879211 -228.131958 1732.314575	0.446 0.008 0.062
item_ammo_revolver_ttt	-276.718994 -229.395294 1732.391357	0.480 -1.590 -0.230
item_ammo_revolver_ttt	-271.651642 -223.929672 1734.756470	54.228 0.172 0.321
item_ammo_revolver_ttt	-242.767715 -810.789856 2116.371338	0.458 0.045 0.040
item_ammo_revolver_ttt	-234.689774 -810.129089 2116.372803	0.458 0.056 0.039
item_ammo_revolver_ttt	-227.294479 -808.910461 2116.387695	0.461 0.055 0.033
item_ammo_revolver_ttt	-2088.836914 -301.538574 1348.332275	0.450 0.034 0.055
item_ammo_revolver_ttt	-2071.373291 -304.653107 1348.415161	0.989 1.360 -0.239
item_ammo_revolver_ttt	-1075.629395 -172.809448 1428.466553	0.785 -4.491 0.233
item_ammo_revolver_ttt	-1091.380493 -183.646942 1428.407104	0.502 0.000 -0.003
item_ammo_revolver_ttt	-471.998962 -187.848175 1444.445801	0.750 -0.314 -0.534
item_ammo_revolver_ttt	-481.438141 -184.695190 1444.390015	0.462 0.054 0.032
item_ammo_revolver_ttt	-1115.085327 -622.323364 1348.403687	0.504 0.281 0.027
item_ammo_revolver_ttt	-1126.127686 -621.080750 1353.639038	-44.116 177.383 -179.999
item_ammo_revolver_ttt	-1478.478394 -386.517822 1348.365234	0.457 0.057 0.042
item_ammo_revolver_ttt	-1466.991577 -386.919159 1348.366821	0.457 0.057 0.041
item_ammo_revolver_ttt	-592.192993 -336.526398 1348.433960	-0.025 -0.034 0.132
item_ammo_revolver_ttt	-603.658569 -338.672913 1353.639160	-44.116 -172.482 179.999
item_ammo_revolver_ttt	-1579.212280 -1581.067505 1348.453857	0.154 -0.633 0.000
item_ammo_revolver_ttt	-1589.730347 -1577.636108 1353.657837	-42.876 169.985 -180.000
item_ammo_revolver_ttt	-238.679764 -1516.756836 2560.375977	0.335 0.581 -0.180
item_ammo_revolver_ttt	-244.939117 -1508.728882 2560.433838	0.478 -11.657 0.443
item_ammo_revolver_ttt	-1338.103760 -182.416260 1348.395020	0.491 0.018 -0.002
item_ammo_revolver_ttt	-1352.125122 -187.428787 1348.390381	0.499 0.078 0.032
item_ammo_revolver_ttt	-1358.319580 -183.665009 1348.358032	0.706 -0.144 0.013
weapon_zm_shotgun	-2498.699951 -1243.260010 1767.209961	0.000 0.000 85.000
weapon_zm_shotgun	-2012.719971 -1167.329956 1608.209961	0.000 0.000 85.000
weapon_zm_shotgun	-2421.000000 -266.359009 1651.209961	0.000 0.000 85.000
weapon_zm_shotgun	-2473.280029 -308.821014 1383.209961	0.000 0.000 85.000
weapon_zm_shotgun	-2285.889893 -1241.449951 1631.209961	0.000 0.000 85.000
weapon_zm_shotgun	-300.044006 -205.598007 1735.209961	0.000 0.000 85.000
weapon_zm_shotgun	-872.872986 -35.489700 1431.209961	0.000 0.000 85.000
weapon_zm_shotgun	-170.477005 -1088.260010 1975.209961	0.000 0.000 85.000
weapon_zm_shotgun	-234.080994 -1461.540039 1975.209961	0.000 0.000 85.000
weapon_zm_shotgun	-297.424988 -1531.319946 1559.209961	0.000 0.000 85.000
weapon_zm_shotgun	-155.132004 -144.751999 1559.209961	0.000 0.000 85.000
weapon_zm_shotgun	-586.036987 -345.595001 1351.209961	0.000 0.000 85.000
weapon_zm_shotgun	-1355.500000 -217.559006 1351.209961	0.000 0.000 85.000
weapon_zm_shotgun	-1199.530029 -1262.199951 1351.209961	0.000 0.000 85.000
weapon_zm_shotgun	-1425.560059 -622.171021 1351.410034	0.000 0.000 85.000
weapon_zm_shotgun	-2498.699951 -1243.260010 1767.209961	0.000 0.000 85.000
weapon_zm_shotgun	-2012.719971 -1167.329956 1608.209961	0.000 0.000 85.000
weapon_zm_shotgun	-2421.000000 -266.359009 1651.209961	0.000 0.000 85.000
weapon_zm_shotgun	-2473.280029 -308.821014 1383.209961	0.000 0.000 85.000
weapon_zm_shotgun	-2285.889893 -1241.449951 1631.209961	0.000 0.000 85.000
weapon_zm_shotgun	-300.044006 -205.598007 1735.209961	0.000 0.000 85.000
weapon_zm_shotgun	-872.872986 -35.489700 1431.209961	0.000 0.000 85.000
weapon_zm_shotgun	-170.477005 -1088.260010 1975.209961	0.000 0.000 85.000
weapon_zm_shotgun	-234.080994 -1461.540039 1975.209961	0.000 0.000 85.000
weapon_zm_shotgun	-297.424988 -1531.319946 1559.209961	0.000 0.000 85.000
weapon_zm_shotgun	-155.132004 -144.751999 1559.209961	0.000 0.000 85.000
weapon_zm_shotgun	-586.036987 -345.595001 1351.209961	0.000 0.000 85.000
weapon_zm_shotgun	-1355.500000 -217.559006 1351.209961	0.000 0.000 85.000
weapon_zm_shotgun	-1199.530029 -1262.199951 1351.209961	0.000 0.000 85.000
weapon_zm_shotgun	-1425.560059 -622.171021 1351.410034	0.000 0.000 85.000
weapon_zm_shotgun	-2498.699951 -1243.260010 1767.209961	0.000 0.000 85.000
weapon_zm_shotgun	-2012.719971 -1167.329956 1608.209961	0.000 0.000 85.000
weapon_zm_shotgun	-2421.000000 -266.359009 1651.209961	0.000 0.000 85.000
weapon_zm_shotgun	-2473.280029 -308.821014 1383.209961	0.000 0.000 85.000
weapon_zm_shotgun	-2285.889893 -1241.449951 1631.209961	0.000 0.000 85.000
weapon_zm_shotgun	-300.044006 -205.598007 1735.209961	0.000 0.000 85.000
weapon_zm_shotgun	-872.872986 -35.489700 1431.209961	0.000 0.000 85.000
weapon_zm_shotgun	-170.477005 -1088.260010 1975.209961	0.000 0.000 85.000
weapon_zm_shotgun	-234.080994 -1461.540039 1975.209961	0.000 0.000 85.000
weapon_zm_shotgun	-297.424988 -1531.319946 1559.209961	0.000 0.000 85.000
weapon_zm_shotgun	-155.132004 -144.751999 1559.209961	0.000 0.000 85.000
weapon_zm_shotgun	-586.036987 -345.595001 1351.209961	0.000 0.000 85.000
weapon_zm_shotgun	-1355.500000 -217.559006 1351.209961	0.000 0.000 85.000
weapon_zm_shotgun	-1199.530029 -1262.199951 1351.209961	0.000 0.000 85.000
weapon_zm_shotgun	-1425.560059 -622.171021 1351.410034	0.000 0.000 85.000
weapon_zm_shotgun	-2498.699951 -1243.260010 1767.209961	0.000 0.000 85.000
weapon_zm_shotgun	-2012.719971 -1167.329956 1608.209961	0.000 0.000 85.000
weapon_zm_shotgun	-2421.000000 -266.359009 1651.209961	0.000 0.000 85.000
weapon_zm_shotgun	-2473.280029 -308.821014 1383.209961	0.000 0.000 85.000
weapon_zm_shotgun	-2285.889893 -1241.449951 1631.209961	0.000 0.000 85.000
weapon_zm_shotgun	-300.044006 -205.598007 1735.209961	0.000 0.000 85.000
weapon_zm_shotgun	-872.872986 -35.489700 1431.209961	0.000 0.000 85.000
weapon_zm_shotgun	-170.477005 -1088.260010 1975.209961	0.000 0.000 85.000
weapon_zm_shotgun	-234.080994 -1461.540039 1975.209961	0.000 0.000 85.000
weapon_zm_shotgun	-297.424988 -1531.319946 1559.209961	0.000 0.000 85.000
weapon_zm_shotgun	-155.132004 -144.751999 1559.209961	0.000 0.000 85.000
weapon_zm_shotgun	-586.036987 -345.595001 1351.209961	0.000 0.000 85.000
weapon_zm_shotgun	-1355.500000 -217.559006 1351.209961	0.000 0.000 85.000
weapon_zm_shotgun	-1199.530029 -1262.199951 1351.209961	0.000 0.000 85.000
weapon_zm_shotgun	-1425.560059 -622.171021 1351.410034	0.000 0.000 85.000
weapon_zm_sledge	-2496.610107 -1249.510010 2163.209961	0.000 0.000 85.000
weapon_zm_sledge	-2464.000000 -375.000000 1383.209961	0.000 0.000 85.000
weapon_zm_sledge	-574.583008 -248.067993 1735.209961	0.000 0.000 85.000
weapon_zm_sledge	-411.846008 -730.755981 1711.209961	0.000 0.000 85.000
weapon_zm_sledge	-401.216003 -1235.290039 1375.209961	0.000 0.000 85.000
weapon_zm_sledge	-1266.310059 -1283.420044 1547.209961	0.000 0.000 85.000
weapon_zm_sledge	-2078.989990 -310.239014 1351.209961	0.000 0.000 85.000
weapon_zm_sledge	-174.330994 -11.568500 1447.410034	0.000 0.000 85.000
weapon_zm_sledge	-2496.610107 -1249.510010 2163.209961	0.000 0.000 85.000
weapon_zm_sledge	-2464.000000 -375.000000 1383.209961	0.000 0.000 85.000
weapon_zm_sledge	-574.583008 -248.067993 1735.209961	0.000 0.000 85.000
weapon_zm_sledge	-411.846008 -730.755981 1711.209961	0.000 0.000 85.000
weapon_zm_sledge	-401.216003 -1235.290039 1375.209961	0.000 0.000 85.000
weapon_zm_sledge	-1266.310059 -1283.420044 1547.209961	0.000 0.000 85.000
weapon_zm_sledge	-2078.989990 -310.239014 1351.209961	0.000 0.000 85.000
weapon_zm_sledge	-174.330994 -11.568500 1447.410034	0.000 0.000 85.000
weapon_zm_sledge	-2496.610107 -1249.510010 2163.209961	0.000 0.000 85.000
weapon_zm_sledge	-2464.000000 -375.000000 1383.209961	0.000 0.000 85.000
weapon_zm_sledge	-574.583008 -248.067993 1735.209961	0.000 0.000 85.000
weapon_zm_sledge	-411.846008 -730.755981 1711.209961	0.000 0.000 85.000
weapon_zm_sledge	-401.216003 -1235.290039 1375.209961	0.000 0.000 85.000
weapon_zm_sledge	-1266.310059 -1283.420044 1547.209961	0.000 0.000 85.000
weapon_zm_sledge	-2078.989990 -310.239014 1351.209961	0.000 0.000 85.000
weapon_zm_sledge	-174.330994 -11.568500 1447.410034	0.000 0.000 85.000
weapon_zm_sledge	-2496.610107 -1249.510010 2163.209961	0.000 0.000 85.000
weapon_zm_sledge	-2464.000000 -375.000000 1383.209961	0.000 0.000 85.000
weapon_zm_sledge	-574.583008 -248.067993 1735.209961	0.000 0.000 85.000
weapon_zm_sledge	-411.846008 -730.755981 1711.209961	0.000 0.000 85.000
weapon_zm_sledge	-401.216003 -1235.290039 1375.209961	0.000 0.000 85.000
weapon_zm_sledge	-1266.310059 -1283.420044 1547.209961	0.000 0.000 85.000
weapon_zm_sledge	-2078.989990 -310.239014 1351.209961	0.000 0.000 85.000
weapon_zm_sledge	-174.330994 -11.568500 1447.410034	0.000 0.000 85.000
weapon_zm_revolver	-2554.000000 -1603.000000 1759.209961	0.000 0.000 85.000
weapon_zm_revolver	-2406.219971 -506.735992 2135.209961	0.000 0.000 85.000
weapon_zm_revolver	-2430.510010 -416.692993 2035.209961	0.000 0.000 85.000
weapon_zm_revolver	-2465.000000 -385.000000 1383.209961	0.000 0.000 85.000
weapon_zm_revolver	-2286.669922 -1250.790039 1631.209961	0.000 0.000 85.000
weapon_zm_revolver	-2269.250000 -1136.329956 1471.209961	0.000 0.000 85.000
weapon_zm_revolver	-1005.859985 -66.956299 2157.209961	0.000 0.000 85.000
weapon_zm_revolver	-306.070007 -219.505005 1735.209961	0.000 0.000 85.000
weapon_zm_revolver	-1027.339966 -177.975006 1431.209961	0.000 0.000 85.000
weapon_zm_revolver	-260.795013 -810.992004 2119.209961	0.000 0.000 85.000
weapon_zm_revolver	-216.274002 -808.630981 2295.209961	0.000 0.000 85.000
weapon_zm_revolver	-469.005005 -175.167007 1447.209961	0.000 0.000 85.000
weapon_zm_revolver	-586.343994 -331.583008 1351.209961	0.000 0.000 85.000
weapon_zm_revolver	-1354.079956 -202.181000 1351.209961	0.000 0.000 85.000
weapon_zm_revolver	-1120.290039 -603.226990 1351.209961	0.000 0.000 85.000
weapon_zm_revolver	-1476.189941 -412.714996 1351.209961	0.000 0.000 85.000
weapon_zm_revolver	-2080.120117 -327.048004 1351.209961	0.000 0.000 85.000
weapon_zm_revolver	-1573.359985 -1574.880005 1351.209961	0.000 0.000 85.000
weapon_zm_revolver	-2258.639893 -1258.699951 1767.410034	0.000 0.000 85.000
weapon_zm_revolver	-2506.870117 -1584.089966 2563.209961	0.000 0.000 85.000
weapon_zm_revolver	-228.253006 -1520.270020 2563.209961	0.000 0.000 85.000
weapon_zm_revolver	-120.564003 21.042400 2563.209961	0.000 0.000 85.000
weapon_zm_revolver	-2554.000000 -1603.000000 1759.209961	0.000 0.000 85.000
weapon_zm_revolver	-2406.219971 -506.735992 2135.209961	0.000 0.000 85.000
weapon_zm_revolver	-2430.510010 -416.692993 2035.209961	0.000 0.000 85.000
weapon_zm_revolver	-2465.000000 -385.000000 1383.209961	0.000 0.000 85.000
weapon_zm_revolver	-2286.669922 -1250.790039 1631.209961	0.000 0.000 85.000
weapon_zm_revolver	-2269.250000 -1136.329956 1471.209961	0.000 0.000 85.000
weapon_zm_revolver	-1005.859985 -66.956299 2157.209961	0.000 0.000 85.000
weapon_zm_revolver	-306.070007 -219.505005 1735.209961	0.000 0.000 85.000
weapon_zm_revolver	-1027.339966 -177.975006 1431.209961	0.000 0.000 85.000
weapon_zm_revolver	-260.795013 -810.992004 2119.209961	0.000 0.000 85.000
weapon_zm_revolver	-216.274002 -808.630981 2295.209961	0.000 0.000 85.000
weapon_zm_revolver	-469.005005 -175.167007 1447.209961	0.000 0.000 85.000
weapon_zm_revolver	-586.343994 -331.583008 1351.209961	0.000 0.000 85.000
weapon_zm_revolver	-1354.079956 -202.181000 1351.209961	0.000 0.000 85.000
weapon_zm_revolver	-1120.290039 -603.226990 1351.209961	0.000 0.000 85.000
weapon_zm_revolver	-1476.189941 -412.714996 1351.209961	0.000 0.000 85.000
weapon_zm_revolver	-2080.120117 -327.048004 1351.209961	0.000 0.000 85.000
weapon_zm_revolver	-1573.359985 -1574.880005 1351.209961	0.000 0.000 85.000
weapon_zm_revolver	-2258.639893 -1258.699951 1767.410034	0.000 0.000 85.000
weapon_zm_revolver	-2506.870117 -1584.089966 2563.209961	0.000 0.000 85.000
weapon_zm_revolver	-228.253006 -1520.270020 2563.209961	0.000 0.000 85.000
weapon_zm_revolver	-120.564003 21.042400 2563.209961	0.000 0.000 85.000
weapon_zm_revolver	-2554.000000 -1603.000000 1759.209961	0.000 0.000 85.000
weapon_zm_revolver	-2406.219971 -506.735992 2135.209961	0.000 0.000 85.000
weapon_zm_revolver	-2430.510010 -416.692993 2035.209961	0.000 0.000 85.000
weapon_zm_revolver	-2465.000000 -385.000000 1383.209961	0.000 0.000 85.000
weapon_zm_revolver	-2286.669922 -1250.790039 1631.209961	0.000 0.000 85.000
weapon_zm_revolver	-2269.250000 -1136.329956 1471.209961	0.000 0.000 85.000
weapon_zm_revolver	-1005.859985 -66.956299 2157.209961	0.000 0.000 85.000
weapon_zm_revolver	-306.070007 -219.505005 1735.209961	0.000 0.000 85.000
weapon_zm_revolver	-1027.339966 -177.975006 1431.209961	0.000 0.000 85.000
weapon_zm_revolver	-260.795013 -810.992004 2119.209961	0.000 0.000 85.000
weapon_zm_revolver	-216.274002 -808.630981 2295.209961	0.000 0.000 85.000
weapon_zm_revolver	-469.005005 -175.167007 1447.209961	0.000 0.000 85.000
weapon_zm_revolver	-586.343994 -331.583008 1351.209961	0.000 0.000 85.000
weapon_zm_revolver	-1354.079956 -202.181000 1351.209961	0.000 0.000 85.000
weapon_zm_revolver	-1120.290039 -603.226990 1351.209961	0.000 0.000 85.000
weapon_zm_revolver	-1476.189941 -412.714996 1351.209961	0.000 0.000 85.000
weapon_zm_revolver	-2080.120117 -327.048004 1351.209961	0.000 0.000 85.000
weapon_zm_revolver	-1573.359985 -1574.880005 1351.209961	0.000 0.000 85.000
weapon_zm_revolver	-2258.639893 -1258.699951 1767.410034	0.000 0.000 85.000
weapon_zm_revolver	-2506.870117 -1584.089966 2563.209961	0.000 0.000 85.000
weapon_zm_revolver	-228.253006 -1520.270020 2563.209961	0.000 0.000 85.000
weapon_zm_revolver	-120.564003 21.042400 2563.209961	0.000 0.000 85.000
weapon_zm_revolver	-2554.000000 -1603.000000 1759.209961	0.000 0.000 85.000
weapon_zm_revolver	-2406.219971 -506.735992 2135.209961	0.000 0.000 85.000
weapon_zm_revolver	-2430.510010 -416.692993 2035.209961	0.000 0.000 85.000
weapon_zm_revolver	-2465.000000 -385.000000 1383.209961	0.000 0.000 85.000
weapon_zm_revolver	-2286.669922 -1250.790039 1631.209961	0.000 0.000 85.000
weapon_zm_revolver	-2269.250000 -1136.329956 1471.209961	0.000 0.000 85.000
weapon_zm_revolver	-1005.859985 -66.956299 2157.209961	0.000 0.000 85.000
weapon_zm_revolver	-306.070007 -219.505005 1735.209961	0.000 0.000 85.000
weapon_zm_revolver	-1027.339966 -177.975006 1431.209961	0.000 0.000 85.000
weapon_zm_revolver	-260.795013 -810.992004 2119.209961	0.000 0.000 85.000
weapon_zm_revolver	-216.274002 -808.630981 2295.209961	0.000 0.000 85.000
weapon_zm_revolver	-469.005005 -175.167007 1447.209961	0.000 0.000 85.000
weapon_zm_revolver	-586.343994 -331.583008 1351.209961	0.000 0.000 85.000
weapon_zm_revolver	-1354.079956 -202.181000 1351.209961	0.000 0.000 85.000
weapon_zm_revolver	-1120.290039 -603.226990 1351.209961	0.000 0.000 85.000
weapon_zm_revolver	-1476.189941 -412.714996 1351.209961	0.000 0.000 85.000
weapon_zm_revolver	-2080.120117 -327.048004 1351.209961	0.000 0.000 85.000
weapon_zm_revolver	-1573.359985 -1574.880005 1351.209961	0.000 0.000 85.000
weapon_zm_revolver	-2258.639893 -1258.699951 1767.410034	0.000 0.000 85.000
weapon_zm_revolver	-2506.870117 -1584.089966 2563.209961	0.000 0.000 85.000
weapon_zm_revolver	-228.253006 -1520.270020 2563.209961	0.000 0.000 85.000
weapon_zm_revolver	-120.564003 21.042400 2563.209961	0.000 0.000 85.000
weapon_ttt_glock	-2322.679932 -1151.390015 2295.209961	0.000 0.000 85.000
weapon_ttt_glock	-2305.530029 -651.187988 1767.209961	0.000 0.000 85.000
weapon_ttt_glock	-2166.030029 -882.168030 1767.209961	0.000 0.000 0.000
weapon_ttt_glock	-2008.089966 -1170.180054 1608.209961	0.000 0.000 85.000
weapon_ttt_glock	-2469.899902 -317.358002 1383.209961	0.000 0.000 85.000
weapon_ttt_glock	-379.864014 -222.128006 2035.209961	0.000 0.000 85.000
weapon_ttt_glock	-820.328003 -4.860470 1735.209961	0.000 0.000 85.000
weapon_ttt_glock	-970.992004 -9.606690 1735.209961	0.000 0.000 0.000
weapon_ttt_glock	-1266.000000 -123.000000 1735.209961	0.000 0.000 85.000
weapon_ttt_glock	-378.385010 -120.748001 2279.209961	0.000 0.000 85.000
weapon_ttt_glock	-173.139999 -1099.050049 1975.209961	0.000 0.000 85.000
weapon_ttt_glock	-202.625000 -1201.099976 2295.209961	0.000 0.000 85.000
weapon_ttt_glock	-294.907013 -1541.420044 1559.209961	0.000 0.000 0.000
weapon_ttt_glock	-241.518005 -1514.890015 1375.209961	0.000 0.000 85.000
weapon_ttt_glock	-1412.410034 -611.619019 1719.209961	0.000 0.000 0.000
weapon_ttt_glock	-1070.300049 -759.713989 1719.209961	0.000 0.000 85.000
weapon_ttt_glock	-1398.640015 -1069.530029 1351.209961	0.000 0.000 85.000
weapon_ttt_glock	-1232.569946 -1278.020020 1351.209961	0.000 0.000 85.000
weapon_ttt_glock	-171.839996 -20.224001 1447.410034	0.000 0.000 0.000
weapon_ttt_glock	-2322.679932 -1151.390015 2295.209961	0.000 0.000 85.000
weapon_ttt_glock	-2305.530029 -651.187988 1767.209961	0.000 0.000 85.000
weapon_ttt_glock	-2166.030029 -882.168030 1767.209961	0.000 0.000 0.000
weapon_ttt_glock	-2008.089966 -1170.180054 1608.209961	0.000 0.000 85.000
weapon_ttt_glock	-2469.899902 -317.358002 1383.209961	0.000 0.000 85.000
weapon_ttt_glock	-379.864014 -222.128006 2035.209961	0.000 0.000 85.000
weapon_ttt_glock	-820.328003 -4.860470 1735.209961	0.000 0.000 85.000
weapon_ttt_glock	-970.992004 -9.606690 1735.209961	0.000 0.000 0.000
weapon_ttt_glock	-1266.000000 -123.000000 1735.209961	0.000 0.000 85.000
weapon_ttt_glock	-378.385010 -120.748001 2279.209961	0.000 0.000 85.000
weapon_ttt_glock	-173.139999 -1099.050049 1975.209961	0.000 0.000 85.000
weapon_ttt_glock	-202.625000 -1201.099976 2295.209961	0.000 0.000 85.000
weapon_ttt_glock	-294.907013 -1541.420044 1559.209961	0.000 0.000 0.000
weapon_ttt_glock	-241.518005 -1514.890015 1375.209961	0.000 0.000 85.000
weapon_ttt_glock	-1412.410034 -611.619019 1719.209961	0.000 0.000 0.000
weapon_ttt_glock	-1070.300049 -759.713989 1719.209961	0.000 0.000 85.000
weapon_ttt_glock	-1398.640015 -1069.530029 1351.209961	0.000 0.000 85.000
weapon_ttt_glock	-1232.569946 -1278.020020 1351.209961	0.000 0.000 85.000
weapon_ttt_glock	-171.839996 -20.224001 1447.410034	0.000 0.000 0.000
weapon_ttt_glock	-2322.679932 -1151.390015 2295.209961	0.000 0.000 85.000
weapon_ttt_glock	-2305.530029 -651.187988 1767.209961	0.000 0.000 85.000
weapon_ttt_glock	-2166.030029 -882.168030 1767.209961	0.000 0.000 0.000
weapon_ttt_glock	-2008.089966 -1170.180054 1608.209961	0.000 0.000 85.000
weapon_ttt_glock	-2469.899902 -317.358002 1383.209961	0.000 0.000 85.000
weapon_ttt_glock	-379.864014 -222.128006 2035.209961	0.000 0.000 85.000
weapon_ttt_glock	-820.328003 -4.860470 1735.209961	0.000 0.000 85.000
weapon_ttt_glock	-970.992004 -9.606690 1735.209961	0.000 0.000 0.000
weapon_ttt_glock	-1266.000000 -123.000000 1735.209961	0.000 0.000 85.000
weapon_ttt_glock	-378.385010 -120.748001 2279.209961	0.000 0.000 85.000
weapon_ttt_glock	-173.139999 -1099.050049 1975.209961	0.000 0.000 85.000
weapon_ttt_glock	-202.625000 -1201.099976 2295.209961	0.000 0.000 85.000
weapon_ttt_glock	-294.907013 -1541.420044 1559.209961	0.000 0.000 0.000
weapon_ttt_glock	-241.518005 -1514.890015 1375.209961	0.000 0.000 85.000
weapon_ttt_glock	-1412.410034 -611.619019 1719.209961	0.000 0.000 0.000
weapon_ttt_glock	-1070.300049 -759.713989 1719.209961	0.000 0.000 85.000
weapon_ttt_glock	-1398.640015 -1069.530029 1351.209961	0.000 0.000 85.000
weapon_ttt_glock	-1232.569946 -1278.020020 1351.209961	0.000 0.000 85.000
weapon_ttt_glock	-171.839996 -20.224001 1447.410034	0.000 0.000 0.000
weapon_ttt_glock	-2322.679932 -1151.390015 2295.209961	0.000 0.000 85.000
weapon_ttt_glock	-2305.530029 -651.187988 1767.209961	0.000 0.000 85.000
weapon_ttt_glock	-2166.030029 -882.168030 1767.209961	0.000 0.000 0.000
weapon_ttt_glock	-2008.089966 -1170.180054 1608.209961	0.000 0.000 85.000
weapon_ttt_glock	-2469.899902 -317.358002 1383.209961	0.000 0.000 85.000
weapon_ttt_glock	-379.864014 -222.128006 2035.209961	0.000 0.000 85.000
weapon_ttt_glock	-820.328003 -4.860470 1735.209961	0.000 0.000 85.000
weapon_ttt_glock	-970.992004 -9.606690 1735.209961	0.000 0.000 0.000
weapon_ttt_glock	-1266.000000 -123.000000 1735.209961	0.000 0.000 85.000
weapon_ttt_glock	-378.385010 -120.748001 2279.209961	0.000 0.000 85.000
weapon_ttt_glock	-173.139999 -1099.050049 1975.209961	0.000 0.000 85.000
weapon_ttt_glock	-202.625000 -1201.099976 2295.209961	0.000 0.000 85.000
weapon_ttt_glock	-294.907013 -1541.420044 1559.209961	0.000 0.000 0.000
weapon_ttt_glock	-241.518005 -1514.890015 1375.209961	0.000 0.000 85.000
weapon_ttt_glock	-1412.410034 -611.619019 1719.209961	0.000 0.000 0.000
weapon_ttt_glock	-1070.300049 -759.713989 1719.209961	0.000 0.000 85.000
weapon_ttt_glock	-1398.640015 -1069.530029 1351.209961	0.000 0.000 85.000
weapon_ttt_glock	-1232.569946 -1278.020020 1351.209961	0.000 0.000 85.000
weapon_ttt_glock	-171.839996 -20.224001 1447.410034	0.000 0.000 0.000
weapon_zm_pistol	-2325.030029 -643.950989 2295.209961	0.000 0.000 85.000
weapon_zm_pistol	-2489.270020 -1264.640015 2163.209961	0.000 0.000 85.000
weapon_zm_pistol	-2279.479980 -1136.410034 2015.209961	0.000 0.000 85.000
weapon_zm_pistol	-2500.330078 -1255.310059 2015.209961	0.000 0.000 85.000
weapon_zm_pistol	-2495.729980 -1251.140015 1767.209961	0.000 0.000 85.000
weapon_zm_pistol	-2292.929932 -501.992004 2135.209961	0.000 0.000 85.000
weapon_zm_pistol	-2417.330078 -254.335007 1651.209961	0.000 0.000 85.000
weapon_zm_pistol	-2420.330078 -291.964996 1651.209961	0.000 0.000 85.000
weapon_zm_pistol	-2467.520020 -507.263000 1383.209961	0.000 0.000 85.000
weapon_zm_pistol	-2515.870117 -55.643902 1351.209961	0.000 0.000 85.000
weapon_zm_pistol	-1340.630005 -1615.829956 2347.209961	0.000 0.000 85.000
weapon_zm_pistol	-2355.419922 -875.197998 1631.209961	0.000 0.000 85.000
weapon_zm_pistol	-2323.489990 -850.875977 1471.209961	0.000 0.000 85.000
weapon_zm_pistol	-2516.469971 -1564.810059 1351.209961	0.000 0.000 85.000
weapon_zm_pistol	-1240.150024 6.714600 2115.209961	0.000 0.000 85.000
weapon_zm_pistol	-567.252014 -258.210999 1735.209961	0.000 0.000 85.000
weapon_zm_pistol	-869.820984 -23.936899 1431.209961	0.000 0.000 85.000
weapon_zm_pistol	-1053.439941 190.192001 1434.209961	0.000 0.000 85.000
weapon_zm_pistol	-436.332001 189.182007 1451.209961	0.000 0.000 85.000
weapon_zm_pistol	-162.373001 -199.912003 2279.209961	0.000 0.000 85.000
weapon_zm_pistol	-235.817993 -1450.599976 1975.209961	0.000 0.000 85.000
weapon_zm_pistol	-337.096985 -1353.729980 1975.209961	0.000 0.000 85.000
weapon_zm_pistol	-410.851013 -736.013000 1711.209961	0.000 0.000 85.000
weapon_zm_pistol	-340.537994 -1380.349976 1711.209961	0.000 0.000 85.000
weapon_zm_pistol	-495.638000 -1545.910034 1711.209961	0.000 0.000 85.000
weapon_zm_pistol	-162.231995 -954.119995 1711.209961	0.000 0.000 85.000
weapon_zm_pistol	-400.911011 -1247.380005 1375.209961	0.000 0.000 85.000
weapon_zm_pistol	-331.942993 -1243.160034 1375.209961	0.000 0.000 85.000
weapon_zm_pistol	-261.920990 -244.462006 1447.209961	0.000 0.000 85.000
weapon_zm_pistol	-161.298996 -137.703995 1559.209961	0.000 0.000 85.000
weapon_zm_pistol	-346.411987 -947.161987 1375.209961	0.000 0.000 85.000
weapon_zm_pistol	-829.619995 -1422.880005 1351.209961	0.000 0.000 85.000
weapon_zm_pistol	-1264.300049 -1291.060059 1547.209961	0.000 0.000 85.000
weapon_zm_pistol	-1438.949951 -998.341003 1719.209961	0.000 0.000 85.000
weapon_zm_pistol	-1250.030029 -896.010986 1735.209961	0.000 0.000 85.000
weapon_zm_pistol	-1933.500000 -1055.150024 1351.209961	0.000 0.000 85.000
weapon_zm_pistol	-1816.670044 -513.293030 1351.209961	0.000 0.000 85.000
weapon_zm_pistol	-1998.040039 -1369.939941 1351.209961	0.000 0.000 85.000
weapon_zm_pistol	-882.854980 -844.869995 1351.209961	0.000 0.000 85.000
weapon_zm_pistol	-985.385986 -238.723007 1351.209961	0.000 0.000 85.000
weapon_zm_pistol	-1757.920044 10.926400 1351.209961	0.000 0.000 85.000
weapon_zm_pistol	-1427.680054 -633.239014 1351.410034	0.000 0.000 85.000
weapon_zm_pistol	-2528.340088 23.935900 2563.209961	0.000 0.000 85.000
weapon_zm_pistol	-2325.030029 -643.950989 2295.209961	0.000 0.000 85.000
weapon_zm_pistol	-2489.270020 -1264.640015 2163.209961	0.000 0.000 85.000
weapon_zm_pistol	-2279.479980 -1136.410034 2015.209961	0.000 0.000 85.000
weapon_zm_pistol	-2500.330078 -1255.310059 2015.209961	0.000 0.000 85.000
weapon_zm_pistol	-2495.729980 -1251.140015 1767.209961	0.000 0.000 85.000
weapon_zm_pistol	-2292.929932 -501.992004 2135.209961	0.000 0.000 85.000
weapon_zm_pistol	-2417.330078 -254.335007 1651.209961	0.000 0.000 85.000
weapon_zm_pistol	-2420.330078 -291.964996 1651.209961	0.000 0.000 85.000
weapon_zm_pistol	-2467.520020 -507.263000 1383.209961	0.000 0.000 85.000
weapon_zm_pistol	-2515.870117 -55.643902 1351.209961	0.000 0.000 85.000
weapon_zm_pistol	-1340.630005 -1615.829956 2347.209961	0.000 0.000 85.000
weapon_zm_pistol	-2355.419922 -875.197998 1631.209961	0.000 0.000 85.000
weapon_zm_pistol	-2323.489990 -850.875977 1471.209961	0.000 0.000 85.000
weapon_zm_pistol	-2516.469971 -1564.810059 1351.209961	0.000 0.000 85.000
weapon_zm_pistol	-1240.150024 6.714600 2115.209961	0.000 0.000 85.000
weapon_zm_pistol	-567.252014 -258.210999 1735.209961	0.000 0.000 85.000
weapon_zm_pistol	-869.820984 -23.936899 1431.209961	0.000 0.000 85.000
weapon_zm_pistol	-1053.439941 190.192001 1434.209961	0.000 0.000 85.000
weapon_zm_pistol	-436.332001 189.182007 1451.209961	0.000 0.000 85.000
weapon_zm_pistol	-162.373001 -199.912003 2279.209961	0.000 0.000 85.000
weapon_zm_pistol	-235.817993 -1450.599976 1975.209961	0.000 0.000 85.000
weapon_zm_pistol	-337.096985 -1353.729980 1975.209961	0.000 0.000 85.000
weapon_zm_pistol	-410.851013 -736.013000 1711.209961	0.000 0.000 85.000
weapon_zm_pistol	-340.537994 -1380.349976 1711.209961	0.000 0.000 85.000
weapon_zm_pistol	-495.638000 -1545.910034 1711.209961	0.000 0.000 85.000
weapon_zm_pistol	-162.231995 -954.119995 1711.209961	0.000 0.000 85.000
weapon_zm_pistol	-400.911011 -1247.380005 1375.209961	0.000 0.000 85.000
weapon_zm_pistol	-331.942993 -1243.160034 1375.209961	0.000 0.000 85.000
weapon_zm_pistol	-261.920990 -244.462006 1447.209961	0.000 0.000 85.000
weapon_zm_pistol	-161.298996 -137.703995 1559.209961	0.000 0.000 85.000
weapon_zm_pistol	-346.411987 -947.161987 1375.209961	0.000 0.000 85.000
weapon_zm_pistol	-829.619995 -1422.880005 1351.209961	0.000 0.000 85.000
weapon_zm_pistol	-1264.300049 -1291.060059 1547.209961	0.000 0.000 85.000
weapon_zm_pistol	-1438.949951 -998.341003 1719.209961	0.000 0.000 85.000
weapon_zm_pistol	-1250.030029 -896.010986 1735.209961	0.000 0.000 85.000
weapon_zm_pistol	-1933.500000 -1055.150024 1351.209961	0.000 0.000 85.000
weapon_zm_pistol	-1816.670044 -513.293030 1351.209961	0.000 0.000 85.000
weapon_zm_pistol	-1998.040039 -1369.939941 1351.209961	0.000 0.000 85.000
weapon_zm_pistol	-882.854980 -844.869995 1351.209961	0.000 0.000 85.000
weapon_zm_pistol	-985.385986 -238.723007 1351.209961	0.000 0.000 85.000
weapon_zm_pistol	-1757.920044 10.926400 1351.209961	0.000 0.000 85.000
weapon_zm_pistol	-1427.680054 -633.239014 1351.410034	0.000 0.000 85.000
weapon_zm_pistol	-2528.340088 23.935900 2563.209961	0.000 0.000 85.000
weapon_zm_pistol	-2325.030029 -643.950989 2295.209961	0.000 0.000 85.000
weapon_zm_pistol	-2489.270020 -1264.640015 2163.209961	0.000 0.000 85.000
weapon_zm_pistol	-2279.479980 -1136.410034 2015.209961	0.000 0.000 85.000
weapon_zm_pistol	-2500.330078 -1255.310059 2015.209961	0.000 0.000 85.000
weapon_zm_pistol	-2495.729980 -1251.140015 1767.209961	0.000 0.000 85.000
weapon_zm_pistol	-2292.929932 -501.992004 2135.209961	0.000 0.000 85.000
weapon_zm_pistol	-2417.330078 -254.335007 1651.209961	0.000 0.000 85.000
weapon_zm_pistol	-2420.330078 -291.964996 1651.209961	0.000 0.000 85.000
weapon_zm_pistol	-2467.520020 -507.263000 1383.209961	0.000 0.000 85.000
weapon_zm_pistol	-2515.870117 -55.643902 1351.209961	0.000 0.000 85.000
weapon_zm_pistol	-1340.630005 -1615.829956 2347.209961	0.000 0.000 85.000
weapon_zm_pistol	-2355.419922 -875.197998 1631.209961	0.000 0.000 85.000
weapon_zm_pistol	-2323.489990 -850.875977 1471.209961	0.000 0.000 85.000
weapon_zm_pistol	-2516.469971 -1564.810059 1351.209961	0.000 0.000 85.000
weapon_zm_pistol	-1240.150024 6.714600 2115.209961	0.000 0.000 85.000
weapon_zm_pistol	-567.252014 -258.210999 1735.209961	0.000 0.000 85.000
weapon_zm_pistol	-869.820984 -23.936899 1431.209961	0.000 0.000 85.000
weapon_zm_pistol	-1053.439941 190.192001 1434.209961	0.000 0.000 85.000
weapon_zm_pistol	-436.332001 189.182007 1451.209961	0.000 0.000 85.000
weapon_zm_pistol	-162.373001 -199.912003 2279.209961	0.000 0.000 85.000
weapon_zm_pistol	-235.817993 -1450.599976 1975.209961	0.000 0.000 85.000
weapon_zm_pistol	-337.096985 -1353.729980 1975.209961	0.000 0.000 85.000
weapon_zm_pistol	-410.851013 -736.013000 1711.209961	0.000 0.000 85.000
weapon_zm_pistol	-340.537994 -1380.349976 1711.209961	0.000 0.000 85.000
weapon_zm_pistol	-495.638000 -1545.910034 1711.209961	0.000 0.000 85.000
weapon_zm_pistol	-162.231995 -954.119995 1711.209961	0.000 0.000 85.000
weapon_zm_pistol	-400.911011 -1247.380005 1375.209961	0.000 0.000 85.000
weapon_zm_pistol	-331.942993 -1243.160034 1375.209961	0.000 0.000 85.000
weapon_zm_pistol	-261.920990 -244.462006 1447.209961	0.000 0.000 85.000
weapon_zm_pistol	-161.298996 -137.703995 1559.209961	0.000 0.000 85.000
weapon_zm_pistol	-346.411987 -947.161987 1375.209961	0.000 0.000 85.000
weapon_zm_pistol	-829.619995 -1422.880005 1351.209961	0.000 0.000 85.000
weapon_zm_pistol	-1264.300049 -1291.060059 1547.209961	0.000 0.000 85.000
weapon_zm_pistol	-1438.949951 -998.341003 1719.209961	0.000 0.000 85.000
weapon_zm_pistol	-1250.030029 -896.010986 1735.209961	0.000 0.000 85.000
weapon_zm_pistol	-1933.500000 -1055.150024 1351.209961	0.000 0.000 85.000
weapon_zm_pistol	-1816.670044 -513.293030 1351.209961	0.000 0.000 85.000
weapon_zm_pistol	-1998.040039 -1369.939941 1351.209961	0.000 0.000 85.000
weapon_zm_pistol	-882.854980 -844.869995 1351.209961	0.000 0.000 85.000
weapon_zm_pistol	-985.385986 -238.723007 1351.209961	0.000 0.000 85.000
weapon_zm_pistol	-1757.920044 10.926400 1351.209961	0.000 0.000 85.000
weapon_zm_pistol	-1427.680054 -633.239014 1351.410034	0.000 0.000 85.000
weapon_zm_pistol	-2528.340088 23.935900 2563.209961	0.000 0.000 85.000
weapon_zm_pistol	-2325.030029 -643.950989 2295.209961	0.000 0.000 85.000
weapon_zm_pistol	-2489.270020 -1264.640015 2163.209961	0.000 0.000 85.000
weapon_zm_pistol	-2279.479980 -1136.410034 2015.209961	0.000 0.000 85.000
weapon_zm_pistol	-2500.330078 -1255.310059 2015.209961	0.000 0.000 85.000
weapon_zm_pistol	-2495.729980 -1251.140015 1767.209961	0.000 0.000 85.000
weapon_zm_pistol	-2292.929932 -501.992004 2135.209961	0.000 0.000 85.000
weapon_zm_pistol	-2417.330078 -254.335007 1651.209961	0.000 0.000 85.000
weapon_zm_pistol	-2420.330078 -291.964996 1651.209961	0.000 0.000 85.000
weapon_zm_pistol	-2467.520020 -507.263000 1383.209961	0.000 0.000 85.000
weapon_zm_pistol	-2515.870117 -55.643902 1351.209961	0.000 0.000 85.000
weapon_zm_pistol	-1340.630005 -1615.829956 2347.209961	0.000 0.000 85.000
weapon_zm_pistol	-2355.419922 -875.197998 1631.209961	0.000 0.000 85.000
weapon_zm_pistol	-2323.489990 -850.875977 1471.209961	0.000 0.000 85.000
weapon_zm_pistol	-2516.469971 -1564.810059 1351.209961	0.000 0.000 85.000
weapon_zm_pistol	-1240.150024 6.714600 2115.209961	0.000 0.000 85.000
weapon_zm_pistol	-567.252014 -258.210999 1735.209961	0.000 0.000 85.000
weapon_zm_pistol	-869.820984 -23.936899 1431.209961	0.000 0.000 85.000
weapon_zm_pistol	-1053.439941 190.192001 1434.209961	0.000 0.000 85.000
weapon_zm_pistol	-436.332001 189.182007 1451.209961	0.000 0.000 85.000
weapon_zm_pistol	-162.373001 -199.912003 2279.209961	0.000 0.000 85.000
weapon_zm_pistol	-235.817993 -1450.599976 1975.209961	0.000 0.000 85.000
weapon_zm_pistol	-337.096985 -1353.729980 1975.209961	0.000 0.000 85.000
weapon_zm_pistol	-410.851013 -736.013000 1711.209961	0.000 0.000 85.000
weapon_zm_pistol	-340.537994 -1380.349976 1711.209961	0.000 0.000 85.000
weapon_zm_pistol	-495.638000 -1545.910034 1711.209961	0.000 0.000 85.000
weapon_zm_pistol	-162.231995 -954.119995 1711.209961	0.000 0.000 85.000
weapon_zm_pistol	-400.911011 -1247.380005 1375.209961	0.000 0.000 85.000
weapon_zm_pistol	-331.942993 -1243.160034 1375.209961	0.000 0.000 85.000
weapon_zm_pistol	-261.920990 -244.462006 1447.209961	0.000 0.000 85.000
weapon_zm_pistol	-161.298996 -137.703995 1559.209961	0.000 0.000 85.000
weapon_zm_pistol	-346.411987 -947.161987 1375.209961	0.000 0.000 85.000
weapon_zm_pistol	-829.619995 -1422.880005 1351.209961	0.000 0.000 85.000
weapon_zm_pistol	-1264.300049 -1291.060059 1547.209961	0.000 0.000 85.000
weapon_zm_pistol	-1438.949951 -998.341003 1719.209961	0.000 0.000 85.000
weapon_zm_pistol	-1250.030029 -896.010986 1735.209961	0.000 0.000 85.000
weapon_zm_pistol	-1933.500000 -1055.150024 1351.209961	0.000 0.000 85.000
weapon_zm_pistol	-1816.670044 -513.293030 1351.209961	0.000 0.000 85.000
weapon_zm_pistol	-1998.040039 -1369.939941 1351.209961	0.000 0.000 85.000
weapon_zm_pistol	-882.854980 -844.869995 1351.209961	0.000 0.000 85.000
weapon_zm_pistol	-985.385986 -238.723007 1351.209961	0.000 0.000 85.000
weapon_zm_pistol	-1757.920044 10.926400 1351.209961	0.000 0.000 85.000
weapon_zm_pistol	-1427.680054 -633.239014 1351.410034	0.000 0.000 85.000
weapon_zm_pistol	-2528.340088 23.935900 2563.209961	0.000 0.000 85.000
